experiment: generator
number of tasks: 1
task: 1
puzzle size: 12x12
+-------------------------------------------------+-------------------------------------------------+-------------------------------------------------+-------------------------------------------------+-------------------------------------------------+-------------------------------------------------+-------------------------------------------------+-------------------------------------------------+-------------------------------------------------+-------------------------------------------------+-------------------------------------------------+-------------------------------------------------+
|  48 134  54  14 ___ 144  73  10  83 ___  62 112 | 136  25 116 138 ___  28  96 128  44 ___  55  20 | ___  66  84 102 117  52 ___ 123 107 135  63   7 |  57 ___  17  43 133 ___ ___ 122  41 120 ___  42 |  50  68  87 119 ___ ___ 143  85  93  16 129  33 |  22  76 ___ 127 121 103  71 ___  30 110 ___ 106 | 111  13 100   4 142  29  82 104  79  86  27  75 |  11 105 ___  99  60 ___  36  59  91  89  31 140 | 137 ___  39 ___  24 139  80  70 101  32  56  37 |   5 ___ ___ ___ 109 124  35 ___ 141 113 ___ 130 | ___ ___  77  67  74  58 108  95 ___ ___ ___ ___ | ___ 114  46 ___  34  40 ___ ___  38 ___ ___  69 |
| 104  29 142 111 100 ___  27  75  13  82   4  79 |  50 ___  16  93 ___  33 ___ ___ ___  68 ___ ___ | ___ ___  25 138 ___  44  96  26  55 ___ 115 116 | ___ 110  53 ___  76 127 121  21  30  22 106 103 | ___  63  52 ___  51 ___  66 107 ___ ___ 135 117 | ___ ___  18  97 ___  49  77  74  67 ___  90  58 | ___  38  64 ___  19 131 114  40 ___  46  94  92 |  35 130  47 ___ ___ 113  98 109 125 141 ___ 124 |  81 105 ___  65  11 ___ 140 ___ ___  99  36  31 |  70  32  45  56 ___  80  24  37 ___ 137 101   8 |   9 133  57  41  17  72 ___ 120  42 ___ 122  78 |  10   6 ___ 134 112  48  54 ___  83  73  15  62 |
| ___   5  35 125  98 ___  88 113 130 ___ 141 109 |  97  23  77 108  61  49  67  18  74  90  58  95 | 127  22  76 121 103  53 ___ 110 ___ ___  21  71 | ___  26 ___ 128  25 136 138 115  96  20  55 ___ |  78 122  17 133  41 ___ 120 ___ ___  57 ___  42 | ___ ___ 129  50 ___  33  16  87 126   1  68  85 | ___ ___  56 ___  24  70  80  37  39  45 ___ 137 | ___  13 ___  27  29  75 ___  79 ___ ___ 104  82 | ___  83 112 144  54  62   6 ___ ___ ___  15  48 | ___  94  46  64  34 114  19  40  69  92   2 ___ | ___  84   7  51 ___ 107 102 ___ 117 ___  63   3 |  81 140  65 ___ ___  31  11  91 ___  99  36 ___ |
|  40 131  19   2 ___ ___  94  92  38 ___  69  34 |   3  84   7 102 123 117  51 135  52  63 107  66 |  50 143 119 ___ ___  87 ___ ___  85 129 ___ ___ |  77 ___  74  18  23  97 ___  90 ___  95 ___  49 | 136 115 ___ ___ ___  26 ___  55 138 116 128  28 | ___ 133  43 ___ ___  42 ___  17 ___ ___ ___ ___ | ___ ___  15 ___  54 ___   6  48 ___ 144 ___ ___ |  24   8  45  32  70 137  56 ___ ___ ___  37  80 | 113 130 ___  47  35 141 124   5 125  88  98  12 |  60  99  65  36 ___ 140  11  31 ___  81  91 105 | 110  76 ___  30  53 ___ ___  22 103 132 ___ ___ |  75  82  86 ___  79 104 142 ___  13 ___ 100   4 |
|   3 102 ___ 107  63  66 ___ ___ ___  84   7 ___ |  12 ___ 141   5  35 130 ___ ___ 113  98 ___  47 |  31 ___ ___  60 105  81 ___  11 ___  99  36 ___ |  62  54  10  73   6  48 ___  15 112 144  14  83 |  37  56 ___  80  39  24 ___ ___ ___ 139  32 ___ |  86  82 ___ 104 ___  13   4  75  79 ___ 100 111 |  55  28 ___ 116  26 138 ___ 136  96 ___ 128  44 | ___  42 ___  43 118 ___ 122  41  72  57 ___ 133 |  74 ___ ___ ___ ___  77  23 ___  58  18 ___  97 | 121 132  22 ___  30  76 110 ___  71  53 106 ___ |  19 114  69 ___  92 ___ 131  46  38  94  64  40 | ___ 119 143 ___ 126  50   1  85  33 129  68 ___ |
| 127 121 110 106 ___  22 132 ___ ___  76  71  30 |  40 114 ___ 131  19  38  34 ___ ___ ___   2 ___ | 104  86  82 ___ ___  75  79 ___ 111  27 100   4 | 141  35 113 ___ 124  12 ___  98 ___  47 125 ___ | ___  15  10   6 ___ ___ ___ ___ 134  62 ___ ___ |  45  80 ___ ___ ___   8 139 ___  39  24 ___ 101 |  58  49  90  77  61 108  23 ___  67  95  18  74 | ___ ___  20 128 138  44 115 ___  55 ___ 136 ___ |  52 ___  51  66 123   7 ___ ___ 107 135  63   3 |  93 ___ ___ ___ 126 ___   1  50 ___ ___  85  33 | ___ ___ ___  59  81  91  60 ___ ___  99  36  31 | ___ ___ 120 118  41  78   9  72  42  43 122  57 |
| 136 138  26  55 115  20 128 ___  28  25 116 ___ |  37  80 139  70 ___   8 ___ ___ ___  56 ___  45 | ___ ___ 124   5 130 ___ 109  35 125  88  98 ___ |   4 142  75  27  82 104  29 100 ___  86 111  13 | ___  36  81 140 ___  11 ___ ___ ___  89 ___ 105 |  46 114  94 ___ 131 ___ ___  92  34  19 ___ ___ |  85  33 ___ ___   1  93 119 ___ 126 ___ 129  87 | 110 103  22 132 121  53 ___  30 106  71 127 ___ |  17 ___ ___ 120 ___  57 ___ 118 ___  43 ___  78 | 108  18  95 ___  67  23  61  97 ___  74  58  49 |  54   6  62 ___ ___  14 134 144 ___ ___  15  48 |  52  84  66 102  51 ___ 123 107 ___ ___  63   7 |
|  50  93   1  85  68 143 ___ ___  33 119  16 126 |  31 ___  89  60  11 105 ___  99  81  36  91  65 | ___ ___  80  70   8 137  39  24 101  32  56 139 | ___ ___  92 ___ 114  40 131 ___ ___  46   2  38 |  12  98 ___ 124 ___  35  47 125   5 141  88 ___ | ___   6 ___  48 134  83  62 ___ 112 ___ ___  14 | 107 ___  63   7 123 102 ___ ___  51 ___ 135  52 |  61 ___  95  18 108 ___ ___  67  58  77  97  23 |  53 103 ___ ___ 110  71  76 121 106 132  21 ___ | ___ ___ ___ 122  41 ___   9  78  57  17  72  42 | 142  82   4  79  75 ___  29  86 ___  27 ___ 104 |  44  25  20 138  96 136  26 ___  28 ___ 115 ___ |
| ___  70  24 101  56  45  32 137   8 ___ 139  39 |  78 133 ___ ___   9  42  41  43  17 ___ ___ ___ |  97 ___  23 108 ___ ___  67 ___  58 ___ ___  77 |  16   1 ___ ___ 119  50  93  68 ___ 143  85  33 | ___  21  53  76 ___ ___  22 ___ 121 ___ 132 103 |  66  84 135   3 102 ___ ___  52  51 123  63 107 | ___ 105  36  89  11  60 140  31  59  65  99 ___ |  19 ___  46  94 131  92  64  34   2  69  40 ___ |  75  13  79  86 ___ ___  82  29 111  27 100 104 | 134 ___ ___ ___ 112   6  54  48  62  10 ___ ___ |  26  25 ___  96  44 ___ 138  20  28 128 115 ___ | 113 124  47   5 109 ___  35 125 ___ ___  98 141 |
| ___  60  11  91  36  65  99 ___ ___ 140 ___  59 | 127  76  71 121 110 103  30 132 ___  21 106  22 |  78 120 133 118 ___  17 ___   9  72  43 122  57 |   7 ___  52 135  84   3 102 ___ ___  66 ___ 117 |  97 ___ ___  23  67  61  95  58 108  77  18  49 | ___  25 128 ___ 138  28 ___  44  96  26 115 ___ | 125 130  98 ___ ___   5 124  12 109  47  88 113 |  54  83 ___ ___ 134  10  15 ___  14  62  48   6 |  92  38  34  46  19 ___ 114 ___   2  94  64 ___ |  29 ___  86 100  79  82 ___ 104   4  75 111  13 | ___ ___  16 126  87 ___  93 143  33 129  68  50 | 137  80  45  70 ___  37  24 ___   8  32  56 139 |
| ___ 118   9  72 122 ___  43 ___  42 133 ___  41 | 104 ___   4  29 ___ ___  79  27 ___ 100 111  86 |  48 144   6 134  83 ___ 112  54  14 ___  15  62 |  89  11 ___ ___ 140 ___ ___  36  59  65  91 105 |  40  64  92 114  34 ___ ___   2 131  69 ___ ___ |  47 124 ___  12   5 130 141 113 ___  35  98 125 | ___ 103  21  71 110 ___ ___ 127  30  22 132 ___ | ___ ___  66 135 102  52  63  51 ___   7   3  84 |  87  33 ___ 143   1 ___ ___  93  85 129 ___  50 | ___ ___  20 ___ ___  25  26 136 116  44 ___  28 | ___ ___ 139  39 137 101  70  45 ___  32 ___  37 |  74 ___  95 108 ___  97  61  58  49  18 ___ ___ |
| ___ ___  61  58  90  95  18  74  49 ___  77  67 |  48   6  62 134 ___  83 112  73 ___  15  14 144 | ___ ___ 114 131  38  92  34  19   2 ___  64  69 | 139  24 137  32 ___  37  70 ___  39 ___ 101 ___ | 104 100  75 ___  79 142  86 111  29 ___  27  13 |  65 140  99  31  60 105  89  81  59  11  36  91 | ___ ___ 122  57   9 118 ___  78  41 120  43  17 | ___ ___ 143 129  93 ___  68 126  85 ___ ___ 119 |  44 ___  96 ___ ___ 116  25 138 ___ ___ ___ 136 | 102 135  66  63  51  84 ___ ___   7 ___ 107 ___ |  35 124 141 109 113 125   5  47 130  88 ___  12 | ___  76 ___ 121  30 ___ 110 106 ___ 132 ___  71 |
+-------------------------------------------------+-------------------------------------------------+-------------------------------------------------+-------------------------------------------------+-------------------------------------------------+-------------------------------------------------+-------------------------------------------------+-------------------------------------------------+-------------------------------------------------+-------------------------------------------------+-------------------------------------------------+-------------------------------------------------+
|   6 ___  62  83 ___ 134 ___  97  73 144 ___  14 | ___ ___  96 ___ 116 128  55 115  48  44 ___ 138 |  84 ___  66 ___ ___  40 107   7 117  63  52 ___ |  41  57 ___ 122 ___ 133   9  17  72 ___ ___  43 | 119  87 104 143  85  16  93  33 ___ 126  68 ___ | 121  22  21  76 ___ 132 ___  31 106 ___ ___ 103 |  13 ___  75  79 ___ 142  86  82 111  29 ___ ___ | ___ ___  60  36 ___  50 ___  91 105 ___ 140  65 | 136  32 101  70 139  39  45  24   8  56 137 ___ |  35  98 ___ 113 125 ___ ___ 124 109 ___ ___ ___ |  77  95  67  58 ___ ___  61 108  18  90  74 ___ | 127  46 ___  19   2 114  69 ___ ___  64  92 ___ |
| 114  19  69 ___ ___ 131  64 127  94  46 ___ ___ | ___ ___  51 123   7 ___ 107  63  40  52 117 102 | ___  93 143   1 129 ___  85  16  33  68  87 126 |  67 ___ ___  90  95  23 ___ ___  58 108  49 ___ | ___ ___  48  20  55 116 138  28  26  96 ___ 128 | 118 120 122 133 ___  43  41  37  72  57  17 ___ |  83 ___  10 ___  62  54 ___   6  14 ___  15  97 | ___  32  70  56 ___ 136 137 101 ___  39  80  45 | ___  88 125   5 141 109 ___  35 ___ ___ 113 ___ | ___  36  60 ___  91 ___ ___ ___  59  50 ___  99 |  71  22  30 106 ___ 103 110 ___ ___  21 ___  76 |  78 ___  29 142 ___ ___   4  13  27 ___  75  79 |
|  25  26 116 ___ ___ ___ 115  48 128  20  96  55 |  80  45 ___  24 139  32 101 ___ 136 137   8 ___ | ___   5  47  35  88   3 ___ ___ 130  98 113 ___ |  79   4  78 100  86  82 142  75 ___  29 ___  27 | 140  81  50 ___  91  89  60 105  11  59  36  99 | 131  46  64 114  19  94 ___ 127   2  69 ___  38 |  33 129  87 126 ___ ___ 143 119  85 ___ ___ 104 |  71 132 ___  21 110  31  53 ___ 103  30  76  22 |  37  43  72 118  57  41 120   9  42 ___  17 ___ | ___  90 108  74  58  95  77  23  67  12  49  18 |  62 144 112 ___  97 ___  54 134 ___  15  10 ___ |  40 ___ 102 123 107 ___   7 117 135 ___ ___  51 |
|  80  24 139   8 137  70  56 136  32  45 ___ ___ | 133 120 ___   9  57 ___  72 ___  37  17  42 118 |  23 108  95  61  18  12 ___  77  49 ___  74  67 | ___  16 104  68 ___ 119   1 ___  85  93  33 129 | ___  53  31 ___ ___  71 121 103 110  30  21 ___ | 102  66  63  84 ___ 135  51 ___ 107   7  52 117 | 105  99  81  59  89  11  65 140  91  60  36  50 |  69 ___ 131  64 ___ ___  92   2  38  34 ___  46 |  78  27 ___  29   4 ___  86 ___  13 100  75  82 | ___  15 134  10 ___ 144  62   6 112  97  83 ___ | ___  20  96  55  48  28  26 138 128 115  44  25 |   3  47   5  35 125 124 ___ ___  88  98 ___ 109 |
| ___ ___   7 117  52 102  63 ___ 135  66  51 107 | 124  47 ___  35 141  88 125 ___   3 ___ ___   5 | 140  60  65 ___ ___  50  91  89 ___  36  81  59 | 112  62  97  15 144 ___  54  10  14 134 ___ ___ |  80 ___ 136  45 101 139 ___   8 ___ ___ ___ ___ | ___  86 100 ___ 142  27  79  78 111 ___  75  13 |  28 ___  44 ___ 116 ___  20 ___  55 138 115  48 |  57  43 118 122   9  37  17 ___ ___  41 133 ___ |  12  18  58 108  77  67 ___  61  49 ___  74 ___ | ___  21 121 ___ 106 ___  71  76 ___ ___ 103 132 |  69 ___  34   2 ___  38 ___ 131  94  64 ___ ___ | 104 143  93   1  85 119  16  33 ___ ___ ___ 126 |
| ___  61 ___  49  74 ___  90  12  18  95  67  58 | ___ 144 ___  54  62 ___  14 ___ ___  10 ___ 134 | 114 131  46  19 ___ 127   2  69 ___  64  92  34 | ___ ___ 136  56 ___  80  24 137 101  70   8 ___ |  82  75 ___  86 111   4  29  13 142  79 100  27 |  60 ___  36 ___  11  99  59  50  91  89 ___ ___ |  42  43  17 ___ ___   9 120 133  72 118 ___  37 |  16 ___  93  68 ___ 104 ___ ___  33 126 ___ ___ |  48 128 ___ 138 116  96  20 ___  28 115  44  25 | 123  63 102  52 107 ___ ___  84 ___  40 ___ 135 | 141  47 109 125 ___ 130  35 ___  88  98 ___ 124 |  31 ___ 121 110 ___  76  71 103 132  21  53  30 |
|  82 142   4  13  75 ___ ___ ___  27  86  79 ___ | ___ 143 126   1 ___ 129  85 ___ 104  87 ___  93 |  25 138  20 ___ ___ ___  55 ___  28 ___  44  96 | ___  71 ___ ___  22  76 110  53 106 121 103 132 |  84  52 ___  66 107   7 102 117 123 ___  63 135 | 108  95 ___  23  61  18  67  12  58 ___ ___ ___ |  38  94 ___  34  69 ___ ___ 114   2 131 ___ ___ | 141  88   5  98 ___   3 113 ___ 130 109 124 ___ |  50 ___  91  60  89 ___  65  11 105 ___  81 ___ | ___  56  70 137 ___  45 139  80  39 136   8 ___ | ___ 120 ___ ___  37 ___   9 118 ___ ___  17 133 |  97 144 ___  54  14   6  62  83 ___  15  10 112 |
| ___   1 ___  33  87  93  68 104 129 143 ___ ___ | 140  65  59  11 ___  99  91  36  50  81 105 ___ |  80  70  45 ___  32 136 ___ 139   8  56 ___ ___ |  34 ___ ___  64 ___ 114 ___  92   2 ___ ___ ___ | 124 ___   3  47 125 141   5 130 ___ 109  98  88 | ___ 144 ___ ___ ___ ___ ___  97 ___  62  10  83 | 117 135  52 ___ ___ ___ ___  84 107 ___  63 ___ |  77  18 ___  90  61  12  74  58  49  67  23  95 | ___ 132 106 121  71 ___  22 ___ 103  21  53  76 |   9 122 118  17  72 120  57 133  41  37 ___  43 |   4  86  79 111 ___  13 142  29  27 ___ ___  82 |  48  20 138  26  55  25 116  28 128 115  44 ___ |
| ___  11 ___ 105 ___  60  36  50  99  65  59 ___ |  76  22  30 110  71 132 106  21  31 ___ 103 ___ | 133 ___ 120   9  43  37  72  57 ___ 122 ___  41 |  51   7  40 ___  66 ___ 123 ___ ___ 102 ___ ___ | ___  74  12  95  58  77 108 ___ ___ ___ ___  18 | 138 ___ 115  25  26 ___  96 ___  55 116 ___  28 | ___  88 113 ___ 141  35  47 124 125 ___  98   3 |  62  73 134 ___  54 ___  10 ___ ___ 112   6 144 | 127  94 ___ ___ ___  34  46  19  38 ___  92 114 | 142 ___  29  75 ___  86 ___  82  79 ___  13  27 | ___ 143 126  85 104  33   1 ___ 129 ___  87 119 | 136  45  70 ___ 101  80 139   8  32  56 ___ ___ |
|  76 110  71 103 ___ 121  21  31 132 ___  30 ___ | ___  46  34  19 ___  94   2 ___ 127  92 ___ 131 | ___ ___  86 142  27  78 ___   4  13 100 ___  79 | 109 ___   3  98  47 124  35 113 125   5 130  88 |   6  10  97 ___  14 ___ 134  83  54 112  15  73 |  70  45 ___ ___  24  32  39 ___ ___ 139 137   8 |  49  18  74  67  77  61  95 ___  58 108  90  12 | 116 ___ 138 ___  26  48  44 ___  28  96  25 ___ | ___ 135 ___ 102   7  51 ___ 123 117  63 ___  84 | ___ ___  93  87 ___ 143  16 119 126 104  33 129 |  89  65  59  91  50 105  11  60  99  36 ___ ___ |  37 120 118   9 ___ 133 ___  42  43 ___  17 ___ |
| 133   9 ___ ___ ___ ___ ___  37 ___ ___  41  72 | ___  86  79 142 ___  27 111 100  78  75  13 ___ |   6 134 144  54  73  97 ___  62  83  15  10 ___ | ___ ___  50 ___  65 140  11  81 ___  60 105  99 | 114  92 127 ___   2 ___ ___  38  19  34  64  94 |   5  47 ___ ___  35  88 109   3 ___ 141 113 130 | 103 ___ ___  30 ___ ___  22  76 ___ ___  21 ___ |   7 ___ 102  63 123  40  52 107 117  51  84  66 | 104 129 ___  93 ___ 126 143 ___  33  68  87 ___ |  26 ___ 138  44  55  20 116  25  96  48  28 128 | ___  45 ___ ___ ___   8 ___ ___  32  56 ___  80 |  12  95 108  61  58  23  77 ___  18  90  74 ___ |
| 124 ___ ___ ___ 113   5  98   3  88  47 ___ 125 | ___  95 ___  61  77  18 ___  90  12  74  49 ___ |  76 ___ ___ 110 132  31 ___  71 ___  21 ___  30 |  96 116 ___ ___  20  25  26  44 ___ 138  28 128 | ___  17 ___ ___  72 ___ ___  42   9  41 122  43 |  93 143  68 119 ___ 129 126 ___  85  16 ___ ___ | ___ ___ ___  39 139  24  45 ___ ___  70  56 136 |   4 ___ ___ 100 ___ ___  75 ___  13 ___ ___  86 |  97  73  14 ___  62 112 144  54  83 ___  10   6 | ___  64 131 ___   2  46  69 ___ ___ 127  38  94 |   7 ___  51 107 ___ 117 123 102 135  63  52  84 | ___  65 ___  11 ___ 140  89 105 ___  36  81 ___ |
+-------------------------------------------------+-------------------------------------------------+-------------------------------------------------+-------------------------------------------------+-------------------------------------------------+-------------------------------------------------+-------------------------------------------------+-------------------------------------------------+-------------------------------------------------+-------------------------------------------------+-------------------------------------------------+-------------------------------------------------+
| ___ ___  97 108  67 ___ ___ ___  61  73  23  95 |  28 ___ ___ ___  48  54 144  62 ___ 112 134 115 | 117  63 ___  52  19   2  46  40 ___  69 ___ 114 |  80  37 ___ 139  43  42  17  39 ___ 122 ___  24 |  33  79 111 ___  86 104  68 ___  87  82   4 ___ |  21 ___  89 103 ___ ___ 140 ___ ___  31  59 ___ | 118 ___  41 ___ ___ ___  27  13 120 100  57 ___ |  50   1  36  16 ___  85 126 143  93 ___ ___ ___ |  55  26  20  56 136 ___ ___ 137 138 116 ___ ___ | 113   7 ___  51  66  88   3 130  84 ___ 102 123 | ___ ___ 124  47 ___   5 ___  90 ___ ___ 109  49 | ___  94  64  92 ___  38 ___ 121 110  71  30  76 |
|  28  44  48 ___ 112 115  62  14  54 128 ___ ___ |   8  32  25 ___ 136  26  20 ___  55  96 138  56 | 130  98 ___ ___ 123 107  66 ___ ___   7 ___  84 | 133 ___  72  57 ___ ___  75  41 120 100 ___   9 | ___ 126 ___  99 143  50  36  93  81 119  16   1 |  64  94  71  38 ___ 110  76 106  22 ___  30 ___ | ___ 142 ___ ___ 104  87 129  33  86  68   4 111 |  31 ___ ___  89  53  91  59  65 ___ ___ ___ 132 | 101  24  45 122 ___ ___  43 ___  70 ___  39 ___ | ___ 141 ___ ___ ___  18 ___  49 ___ 125 ___  35 |  97  73  23 ___  58 ___  10 ___  61  77 ___  83 | ___ ___  63 ___ ___ 117  40 131  19 ___ ___ 114 |
| 130 113   3 ___  51  98   7 107 123  88  84  66 |  49  18 ___  74  12 ___ ___ 141 125 109   5  90 | 103 ___ 132 ___ ___  91  65  31  60 ___  59 ___ | ___ ___ ___ ___ 128 ___  44 ___ 144 115 134  54 |  42 ___ 101  43 ___  37 122  70  17  80 139  24 | ___ 129   4  33  87 142  82 111  86 104  79  29 | 138  26 ___  25 136 137  32   8  20 ___ 116  55 | ___ ___ ___  57 ___  72  41 120 118 133 ___ ___ |  58 ___ ___  15 ___ ___  73 ___ 108 ___  67 ___ |  92  71  64  30  22  94 ___  38  76 106 121 ___ |  40 ___ 114  46   2 131 ___  63 ___  69  34 117 |  85  99 ___  81 143 105  50  93   1  16 ___ 119 |
| ___  17 ___ ___  39 122 139 101 ___  43 ___  45 |  13 ___ 133  75 ___   9 120  57  72  41 118 ___ |  83  15 ___ ___  61 ___  95  97 ___ ___ ___  23 | 119  50  85 ___  99 ___  81 126 143  36  93   1 |  38  30 ___  94 ___ ___  64 121  92  76  71 110 | ___  88   7 130 ___ 123  84 107  66 ___  51 ___ | ___  11  59 140 ___  53 132 103 ___  21  89  91 |  40  19  63  69  52   2  34 ___ 131 114 ___ 135 | 111 142  86 ___ 104  82 129  87  29   4  79  33 |  44  62 115 112 144 128  48 ___   6 ___ ___  54 | ___ ___  25 ___  55 138 137  56  26 116  96 ___ | ___  18  90  74  47  49  12 ___  35 141 109 ___ |
| ___  75  78 118  41 ___  57  72   9 ___ ___ 120 |  33 129 ___  87 104 ___  86   4 111  79  29  68 | ___ 115 128  44 ___  14 144  48 134  62 112 ___ | 140 ___  91 ___ 132 ___  53 ___ ___  21  60  11 | 117  34   2 135 ___  40  63 ___ ___ 114 ___  19 | ___ ___ 141 ___ ___ ___ ___ 125 ___ ___ 109   5 | 121 110  30 ___ 127  92  94  38  22  64 ___ 106 |   3 123  98   7 ___ 107  51  66 102 ___ 130  88 |  85 ___ ___  36  50 119  99  81 ___  16 126 ___ | 137 ___ ___ ___ ___  32 136 ___  25 ___ ___ ___ |  37  43  80  45 101 ___  17 122 ___ 139  39  42 |  58 ___  15  10  95 ___  97 108 ___  77  67  23 |
| ___ ___ ___  60 ___ ___  89  91 ___ 132 140 ___ | ___ ___ ___ ___ 127 110 ___  71 106  30 121  64 |  13 100  27  75 ___  72 ___  78 118  57  41 133 |  84   3 ___   7  88 130 113  51  66  98 102 123 | ___  67 ___  73  95  97  15 108  10  23  77  61 |  56  32 ___ ___ 137  26  25  55  20 ___ ___ ___ |   5  35 ___ 124  12  74 ___  49  47  90 ___ 125 | ___  54 ___ ___  44 ___ ___ 144 ___   6  28 ___ |   2  19 ___ ___ ___ ___ ___  52 ___  69  34 117 | ___ ___  68  79  86 129 104  33  82 111  29 142 | ___  99 ___ 143  85  93 ___ ___   1  16 126 105 | ___ ___ 122  17 ___  42  37  70  24 139 ___  80 |
|   8 137 136 138 ___ ___ 116  55  26  32  25  20 |  42  43  80  17  37  24  45 139 101 ___ ___ 122 |  49  90  18  74 ___ ___ ___ ___   5 141 109 124 |  82 104 ___   4 ___  33  87  79 ___ ___  29 142 | ___ ___  91 132 ___  31  21  60 ___ 140  89 ___ |  63 135  69 117  52  19 114   2 ___  40  34 131 |  93   1 126 119 ___  81  99 105 143  36  16 ___ | 127 110  64  71  92 106 ___  22 ___  76 ___  94 | ___   9 ___ 100  78 133 ___  75 118  57  41  13 | ___  77 ___  67  95  73  97 ___  23 ___ ___  61 |  48 ___   6 144  14 134 ___ 115 ___  62 112  28 | ___ ___  98 ___  66 130   3 102 ___ ___  51 ___ |
|  38  92 127 121  30  64 ___ 106 110  94 ___  22 | 117 135 114 ___ ___ ___  46  69 ___  34 131  63 | ___  68 129 ___ 142 111  86 104 ___   4 ___  82 | 124  12 125 141  18 ___  74 109  47 ___   5  35 |  28 112 ___ 128 144 ___ 115 134 ___   6  62  54 | 122  43 ___ ___  17  24  80 ___  45  37  39 ___ | 108  61  67  23  97  10  73  83  95  15  77  58 | 136 ___ ___ 116 ___  55 ___ ___ 138  25   8 ___ | 107 123  66  98   3 ___  88 113 102   7  51 ___ |  81  16 ___ 126 143 ___  50 105 119 ___  93 ___ | ___ ___ 140 ___  91 ___  53  21 ___  89  59 ___ |  72  27 100 ___ ___  13 ___ 118   9  57  41 133 |
| 105  81  50  93 126 ___  16 ___   1 ___ 119 143 | 103 132 140  53  31 ___  65 ___ ___  59  60 ___ | ___ ___  43  17  24 101  45  37 ___ ___ ___  80 | 114 ___   2  69 135 ___ ___  34  46  63 131  19 |  49 109 ___  18  47  12  90   5  74 124 141  35 | 115 128  62  28  44  54   6  14 144  48 112 134 | ___ ___ ___ ___   3 113  88 130  66  98 ___ ___ | ___  61  15  77 ___  58 ___ ___ 108 ___  83  73 | 106 110  22  64 127  76  94 ___ ___ ___  30  38 |  75  57 ___  41 120 ___  78  13 ___  72 118   9 | 104 129  82  86 ___ ___  87  68 ___   4 ___  33 |  55  32  56 137 ___   8 ___ ___  26 ___  96  25 |
|  49  74  12   5 ___ ___ 141 125  35 ___ 124  47 |  83  73  23  10 ___ ___ ___  77 ___  67 108  15 | ___  64  94  92 ___ ___  22 ___ ___ ___  30 ___ | ___ 136  55 116 ___   8 137  96  20 ___ 138 ___ |  13  41  72  27 120 ___ 100 118  75 133  57   9 |  36  99  16 ___  81 ___ ___  85 ___  50 ___ ___ | ___  24  39  80 ___  17  43  42  45 ___ ___ 101 | ___ 142  68   4  87 ___  79  86 ___  82  33 129 |  14  54 144 115  48 ___ 128 ___ ___  62 112  28 |  52  69  63  34  46 135 ___ 117 114 ___ 131 ___ | ___  88  84  66 107 102 113 ___ 123 ___  51 ___ | ___ 132  21  53  65 ___ ___ ___  11 ___  59 140 |
| ___  52  40 ___ ___  63  69 ___  19 ___ 114 ___ | 130  88  84 ___ ___ 123  66   7 107  51 102 ___ | ___  36 ___ ___   1  85 143  50  93  16 126 119 |  23 ___  58 ___  73 ___  10 ___  95 ___ 108 ___ |   8 ___ ___  32 ___ 136  56 138 137  25 ___  26 | 100  27  57  13 ___ ___ 133  72 120  78  41 118 | 134 ___ ___ ___  48  44 ___  28 ___ 115  62 ___ | ___  24 122 139 ___ 101  39 ___ ___ ___  42  43 | 125 ___  47  90  12 124  18  74   5 141 109  49 |  53 ___  21  59 ___ 132  31 103 140  91  60  11 | 127 ___  76  22 106 121  92  64 110  71  30  38 | ___ 129 ___ ___ ___  33 104  29 142   4  79 ___ |
|  33  87 ___  29  79  68   4 111 ___ 129 ___ ___ | 105  99 119  81  50 ___ 143  16  85 126  93  36 |   8  56 ___ ___  26 ___  20 136 138 116 ___ ___ |  76 ___ ___  71  94  38 ___  30 ___  64 121 ___ | 130  51 107  88 ___   3  98 102 113  84   7 123 | ___  73  77  83  10  61 ___ ___ ___  97  67 108 | 131  19  34 114  40  52 135 117  46 ___ ___   2 |  12 ___ ___ ___  74 125 109  47 ___ ___  49  18 |  91  11  65  21  31 ___ 132  53  60  89  59 103 | ___ ___ 122 ___ ___  43 ___  42  80 101 ___  24 |  78  27 ___ 120  72 118 ___ 100 ___ ___  41  13 | ___ 128 115  44 144  28  48 ___ ___  62 ___   6 |
+-------------------------------------------------+-------------------------------------------------+-------------------------------------------------+-------------------------------------------------+-------------------------------------------------+-------------------------------------------------+-------------------------------------------------+-------------------------------------------------+-------------------------------------------------+-------------------------------------------------+-------------------------------------------------+-------------------------------------------------+
| ___  63  52  46  69 135 ___  34 ___ ___  40 114 | 125 130 ___  98 113 102  84 123  51 ___  66 ___ |  91 ___ 105  36  93 126 ___ ___ 143   1  16  50 |  97 ___  67 ___  83 ___  15 ___  23  73  95 108 | 101 116 ___   8  25 137  32  20  56 136  26 ___ |  27  13   9 111 100 ___  78  41 ___ ___  57 ___ | 144 134  62  48  44 ___ ___  55 ___ ___ ___ 112 | ___  70 ___  24 122 ___ 139 ___  45 ___  72  42 | 109   5 124 ___  74  12  49  90  47  35 141  58 |  21  11 ___  89 140 103  53 ___ ___  59  65  60 |  92  38 127  76  30  22  64  94 121 ___  71   2 |  79  33 ___ ___  82  85  87 ___  29 142   4 104 |
| ___ 115 ___ 144  62 128  54 112 134  28  48   6 | ___   8 ___  56 137 138  25 ___ ___ ___  20  32 | 125  88 130  98 ___  51  84 113  66 123 ___   3 |  78 ___  41   9  13 111 ___  57 ___  27 120 118 | ___  16 126 105 119  81  99 143  36  50   1 ___ | ___ ___ 110   2  64 121 127 ___  76 ___  71 ___ | ___  29   4 ___  87  68  33  85 ___ 129 142 ___ |  53 ___ 132  11 ___  59  89 140  65  31 ___ 103 |  39  70  80  43  17 ___  42 122  45 ___ ___  72 |  90  35  18 141 ___  49  74  58  12 109  47   5 |  10 ___ ___ ___  67  95  15  73 108  61  77  14 |  34 ___ 135 ___ ___ 107 ___  46 131  19  69  40 |
|  14  15  10  95 ___  73  61  67 ___ ___  97  23 |  55 ___  48 ___ ___ ___ ___  54 112  62 144 128 | ___ 135 117 ___ ___  34 114  52  46  19 ___ ___ |  37  17 ___  24 ___ ___ 122 ___  80  43  45  70 | ___   4  79  33 ___ ___ ___  86  68 104 142 ___ | ___ 103  11 106 ___  60  31  59 ___  53  89 ___ | 120 118 ___ ___  75 100  13 111 133  27   9  41 |  81  93 ___   1  36 126 ___ ___ 143 ___ ___ 105 |  96 138  25 ___ 137 ___   8  56 ___  26 116 ___ |  98 123 ___ ___  84 130 113 125 ___  51  66 ___ |  74  49 ___ ___ 109  47  90 ___   5  35 ___ ___ |  30  38  94  64 ___   2  92  22 ___ ___  71 127 |
| 125 ___ ___  66 ___ ___ 123  51 102 130   3 ___ | ___  49 ___ ___  74   5 ___  35 109 141  47  18 | 106 132 103  21  60  59 ___ ___  65 ___  89  31 | ___ ___ 112  54  28  55 ___ ___   6 128 144 134 |  72 139 ___  42 ___  17  43  45 122  37  24  70 | 129  33 142  85  68  29 104  79 ___  87   4 ___ | ___ 138 116 136 137 ___   8 101  25  32  26  96 | ___ 118  27   9 100  41 ___ 133 120  78 111  13 |  67 108  23  73  10  97  83 ___  95  61 ___  14 |  64 110  94  71 ___ ___ ___ ___ 127  30 ___ 121 |  52 117  40 114  34 ___  63 ___ ___ ___ ___ 107 | 126 105  99  36 119 ___  81 143 ___ ___ ___ ___ |
| 111 100  75 ___  57  27   9  41 ___  13  78 133 | ___  33 104 ___  87  29 ___ 142  79   4  86 129 | ___ 128  28 115 134 112   6 ___ ___  54  62 ___ |  31  53 ___  11 103 106 ___  89 ___ 132  65 ___ | ___ ___  34 ___ 114 ___ 135 ___ ___  40  19 131 |  18  49 ___  58 ___   5  12 109 124  74 141  47 |  22 121  71 127  92 ___  38   2 ___  94 110 ___ | 113 102 ___ 123  98  51 ___ ___  66   3 125 ___ | 126  93 119  99  81 ___ 105  36 143 ___  16 ___ |  56  26  32 ___  25 ___ ___ 101 136  96  20 ___ |  17  42  37 ___  39 ___ ___ ___  70  24 ___  72 |  67 ___ ___  15 ___  14  10  95 ___  61  77  97 |
| 101  56 137  20 116 ___  26 ___ 138   8 136  25 | ___  42  37 122 ___  70  80  24  39 139  45 ___ | ___ ___  49 ___   5 109 124  74 ___  35 141  12 | ___  87  79 142 ___ ___  68   4  82 ___  86  29 | ___  89  59 103 140  53 132  65 ___ ___  11  60 | ___ 117 ___ 107  63 ___  40  34 114  52  69  46 | 143  93  16 ___ ___ ___ ___ ___ 119  99   1 126 |  92 121  94 110 ___  30  71  76  22 127 ___  38 |  41 118 ___  27  75  78  13 ___ 120   9 ___ 111 |  15  61  73  77  23 ___ ___  14  97  67  95 ___ | ___  28  48   6 ___ 144 115 128 ___  54  62  55 |  51 130  88  98 ___ 125 ___ ___ 102 123   7   3 |
| ___ ___  74 ___ ___  18  35 ___   5  49  12 ___ |  14  83  97 ___  10 ___  23  61 ___  77  95  73 |   2  94  38  64 121  30 ___ ___  22 ___  71 127 | 136 137  96  26   8 101 ___ 116  25 ___ ___ ___ | 111 ___ ___  13 133 ___  27 ___ ___ ___   9 118 |  99 ___ ___  91 ___  93  50 126 119  81 ___ 143 |  45 ___ 139 ___  17 122  42 ___  80  43 ___  39 |  87  29 129 142  68  79   4  82  86 104  85  33 | 112 134   6 128  44  48 ___ ___ 144  54 ___ ___ |  63 ___ ___  69 114 ___  52 107  40  34 ___ ___ | ___ 130   3  84  51  66  98  88 ___ 123   7 125 | ___ 103 132  21 ___ ___  53 ___ ___  11 ___  31 |
|  85  68  87  86   4 129 ___  79  29 ___ 104  82 | ___ 105  50  36  81  93 ___ ___ ___  16 ___  99 | 101  32   8  56 ___  96  25 ___  20  26 116 136 | 127 ___ ___ ___  38 ___  64 ___  76  94 ___ 121 | ___   7 ___ 130 ___ 113  88  66  98   3 123 ___ |  73  83  61  14  15 108  97 ___  23  10 ___  95 |  46 131  69  40  52  63 117 107 ___ 135 ___ ___ |  74 ___  18  35  90 ___ 141 124  47  12 ___  49 | ___  60 140 132  53  31 103 ___  65  11  89 106 | ___  24  43 ___  80 ___  17 ___  37 ___  45 ___ | ___  13  78 133  41 120 100  27 118   9  57 111 | 112  28 128 ___   6  55 ___ 144 ___  54  62  48 |
| ___ ___  81 143  16 ___   1 ___  93 105 ___ 119 | 106 103  31  21  53  60 140 ___  59  89 ___ 132 |  72  43  42 122 ___  39  80  17  45 ___ 139  37 |  40  52 ___  19 ___ 107  63  69 ___ ___  46 131 |  58 ___ 109  49 124  74  18  47  90 ___ ___ ___ | 128 ___  54 ___ 115 ___  48 112   6 ___  62 ___ |  66 ___   7   3 113  98 ___ 125  84  88 123 ___ |  10 108  73  61  15 ___  77  23  95  97  14  83 | ___ ___ ___ ___  92 127  38  64  22 110 ___ ___ | 100   9  27  57 133  13 ___ ___ ___  41 120 118 |  87 ___ 104  82 ___ ___ ___ 129  29 ___   4  85 | ___   8  32 ___ ___ 101 ___  20 138 ___ 116 136 |
| ___ ___ ___  65 ___ ___  11  59  60 103  31 140 |   2  38 127  64  92 121 ___ ___ ___  71  22  94 | 111 ___ ___ ___ 118  41 133  75 120   9  57 ___ | ___ 113  51 123 130 125  98   7  84 ___  66 102 | ___  77  67  83  23  10 ___  95  15  97  61 ___ | ___   8  26 101  56 ___ ___  96  25 ___ 116  20 |  47   5 141  12 ___  90  49 ___ ___  18  35 ___ |  44 134 128 ___ 115 ___  62 ___ ___  48  55 ___ |  34 131 114 135  52  40 ___  63  46  19  69 ___ |  68 142 129   4  82 ___ ___  85 104  79  86  29 | ___ ___  50 119 ___ 143 ___ ___  93 ___  16 ___ | ___  42  43 122 ___  72  17  45  70  24 ___  37 |
|   2  64  92  22  71  94 110  30 121  38 ___  76 | 107 ___  40 ___  52 ___ 114  19 ___  69  46 135 | ___ 129 ___  68 ___  79 ___  87 ___ 142   4 104 |  12  74 ___  35 ___  58  90 141 124 ___  47   5 |  55  62 112  28 ___  44 128 144 ___ ___ ___ 134 | ___ ___  24  72 122  70  37  39 ___  17 139 ___ | ___ ___  77 ___ ___ ___ ___  14 ___  73  61 ___ | 137 138  32 ___  56  96 116 ___  20 136 101 ___ | ___ 102 ___  88 113   3 130  98 ___ 123   7 ___ | ___   1  99 ___ 119 105  81  91  50 126 143  93 | ___ 103  31 140 ___ ___  21 ___  60  11  89 ___ |  41  13  27 ___ 133 111  75 120 ___ ___  57  78 |
| ___ 122 ___ ___ 139  43  24 ___  70  42  37  80 | ___  13 ___ 100  75 118 133 ___ ___  57 120  27 |  14  73 ___ ___ ___  67 ___  10  95 ___ ___  97 |  50  81 126   1 105 ___  36  16 119  99 ___  93 | ___ ___  30  38  76  92  94  22  64 127 110 121 |  88 130 123 125 ___ 102   3  51 ___ 113   7  66 |  65  60  89  31 ___  21 ___ 106 140 132  11  59 | ___ ___ 135  19  63  34  69 114  46  40 107 117 | ___  29  82 129  87 104  33 ___  86 142   4  85 | 115 ___ 128  62   6  28  44  55  48 112 144 134 | 137   8 136  25  96  20 ___  32 138 ___ ___ ___ | 109  49 ___  90 ___ ___ ___  47 ___  35 141 ___ |
+-------------------------------------------------+-------------------------------------------------+-------------------------------------------------+-------------------------------------------------+-------------------------------------------------+-------------------------------------------------+-------------------------------------------------+-------------------------------------------------+-------------------------------------------------+-------------------------------------------------+-------------------------------------------------+-------------------------------------------------+
|   4  13  27 ___ 118 ___ 120   9 133  79 ___  75 | ___ 126  68 ___ 129  82  87 ___ ___ ___ 104 ___ | ___  55  96  28   6 ___ ___ ___ ___ ___ ___ 115 | ___ 132  11  65  30  71 103  60  53 106  31 ___ |   7 131  19  51  52 ___ 107 ___ 117  63  46 114 |  58 ___ ___ ___  49 124  90  35  74  18   5  12 | 127  76 ___  64  94 ___  34  69 ___   2  22 110 | ___ ___ 125 ___ 130 ___ ___ 113   3 ___ 141 109 |   1 ___ ___  91  99 ___ ___ 105 ___ ___  93  89 |   8 ___ 101 ___ 137 ___  32 139  56  26 136  25 |  43  41 ___  17 ___  37 ___  72  80  45  70 ___ |  61 ___  14  83  10  62  73  97 ___  95 ___  15 |
| 116  28 128  48 134  55 ___ ___ ___ ___ 115  44 | ___  39 ___ ___  32  25 ___  20 ___ ___ 136 ___ | ___ ___ 109 130 ___ 123 113  88   3  66 102  98 | 100  27 ___ 120 ___   4 ___ ___  75 111  78 133 |  89  93   1  59  81  99  91 ___ 105  36 143 119 | ___  34  22  69 ___  76  64 ___ ___  94 121 127 | 104  82 ___  68 129 ___ ___ ___  87  85  86 142 | 132 140 106  65 103  11 ___ ___  31  21 ___  30 |  24 ___  17  72  43 ___  41 ___  37 ___ ___  57 | ___  47  58   5  74  67 ___  77 ___  35  12 124 |  73 112  15  10  61  97 ___  14  23 ___ 108  62 | ___ ___ 107 117 ___ ___ ___ ___ ___  46 ___  63 |
| ___   8 ___ ___ 138 ___ ___ ___ ___  39  56 137 |  57  41 122  42  43 ___ ___  45  24  70  37  72 | ___  58  67 ___ 124  35  74  18  12 ___   5  90 | ___ 129 ___ ___ ___  16  33  29  87  85 104  82 |  71  60  11  30  53 132 106  31 103  21 ___ 140 | 107 ___  46   7 ___ ___  63  19 ___ 135 131  40 | ___ ___  93  36 ___ 105  59  89  81 ___ 143 ___ |  94 ___ ___  22  38 110 121 ___ ___  64 ___  34 |   9 ___  75 ___  27 100 ___  13  78 ___ 118 ___ |  83  95 ___ ___  10 ___  73  62 ___ ___  97 ___ | ___  96 115  44  54  48  28  55 ___ 144 134 116 | 123 ___ 125 130 ___ 141  88   3  84  66 ___ ___ |
| ___ ___  18  12   5  58 ___  35 124  67 ___  74 |  62 112  15  83  73  23  10  95 ___ 108 ___  14 | ___   2 ___  38  76 110  92  94 ___  22 121  64 | ___ ___ ___  20  39 ___ ___ 138 137 101 136  25 |   4 118   9 ___ ___  27 111 ___  13 ___ 120 133 |  91 ___ ___  89 ___ ___  36 ___  81 ___  93  50 | ___  80  70 122  43  42  41  57  17 ___  45  24 | 129  82  85  86  33 142  29 ___ 104 ___ ___ 126 |  54 ___  44  55 ___ ___  96  28 ___ 144 ___ 116 | ___  46 107 ___  52  51 135   7 ___  19  40 114 |  88 109  98 113 123   3 130 ___ ___ ___ ___ 141 | ___ ___ 106 103 ___ ___ 132  31 140 ___  60  21 |
|  62 ___ ___  97 108  14  95 ___ ___ 112  15  10 | ___  96 ___  28 ___   6  44 144  54 ___ ___  55 |   7 107 ___ 117 114  19 ___ 135  40  46 131  63 | 122 ___  24  45  41  57 ___ ___  17  72  37  80 | ___ ___ ___ 126  87 129  85 ___  33  68 ___  82 | ___  30  65 ___ 103 140 ___ ___  53 ___  60  31 |  78 133 118 100 ___  13  79   4 ___ ___ 120   9 |  99 119  91 143 ___ ___  93  81 ___  36  89  59 |  26  25 137 101  32  56  39   8 136  20 138 ___ | ___ ___ 125 102 113 109  88 ___ ___ ___   3  84 |  18 ___  90 ___ ___  12  49 ___ 124 ___   5  77 | 110  34 ___  38  92  69  94 ___ ___ ___ 121  64 |
| ___ 117 135  40 131 107 ___  19 ___ ___  63  52 | 141 109  98 130  88 ___ 113 ___ ___ 102   3 125 |  89  91  59 105 119   1 ___  99  50 143  93  36 |  15  73  61 ___ 112  62 ___ 108  10  14  97  23 | 139 138 ___ ___ ___  32 101 136   8 ___  20  25 | 111 ___ ___ ___  13 133 ___   9  75  27 118 ___ |  48   6 134 115 ___  28  96 116  44 ___ 144  54 |  43  80  72  45  42  24 ___  17  37 122  57  41 |  35 124 ___  58  18  90 ___  49  12 ___   5  77 | 103 ___ ___ ___  53  30 132 ___  21 ___  31 140 |  94  34 ___  92 110 ___ ___ ___  76  22 121  69 | 142 126 ___  33  87  16 129 104  82 ___ ___  68 |
|  69 ___  94 ___ ___   2  22 ___ ___  34  64 ___ | ___ ___ ___ ___ 135 114  52  46 ___ ___ ___ ___ |  16 ___ ___  33  82 ___  87 129 104  86  29 ___ |  90  18  35 ___ ___  77  49   5  74  58 ___ 124 | 116 134  54 ___  44 128 ___  48 ___ 115 144 ___ | ___  41 ___  57  42 ___ ___  24 ___  43  70  37 |  97  23 108 ___  73  83 ___  62  10  14 ___ ___ |  32  25 101  20 ___  26 138 ___ 136  56 ___  39 | ___  84 113 ___  88  98 109 130 ___  66 102 ___ | 105 143  91 ___ ___ ___ ___ ___ ___   1  50 119 | 132  30  21  53  11 ___ ___ ___ 140  65  60  71 |   9  79 111  13 ___   4 ___  78 133 120 ___ 100 |
|  57 ___ ___  37  70  72  45  24  80 ___ 122  17 |   4 ___ 100  13  27 133 ___ 120   9 118  78 ___ |  62  14 112  83  23  61 ___ ___  97  95 ___  15 |  36 ___   1 ___  59  89 105  93  81  91  50 ___ |  69 ___ ___  34 ___  94   2 127  38  64 ___  76 | ___ 109  66 141 130  84 ___ ___ 113 ___ 102 ___ |  31 ___  60  21 132 103  30 ___  53 106 ___  11 | ___ 114 107  46 117  19 131 ___  40  63   7 ___ | ___  82  87  85 129  68 126  33 104  86  29  16 | ___ ___  55 134  44  96 ___ ___ ___  54  48   6 |  32  39 ___ ___  26 136   8 101 ___  20 138 139 |  35  67  58  49 ___ ___  18  12 ___  47   5  90 |
| 141 ___ ___   3 102 125  66 123 ___ ___  98 113 |  77 ___  90  49 ___ ___  74  47 ___   5  12  58 |  71 106 ___ ___ 140  11 ___ ___  31 ___  60  21 | 115 ___  54 144  96 ___  28 134  44  55  48   6 | ___  70 ___  41  17  43  72  37  42 122 ___  80 |  85 ___  86  16  33  82  68 142 ___ ___ ___ ___ | 136  25 138  56  32   8 ___ 139 137 ___  20 ___ |  27 ___ 111 120  13   9 118  75  78 100 ___  79 |  61 ___  10  14 ___  15 112  83 ___  95 108 ___ |  38 ___   2 121 ___  34 ___  69 ___ 110 127  76 | ___ ___ ___ ___  19  40 ___ 107 114  46 ___ ___ | ___  59  91 ___ ___  89  99 ___ 119 143 ___  36 |
| ___ ___ 132  31 ___ 106  65  11 140 ___  21  53 |  69  34  64  38  94 ___  92  22 110 121 127 ___ |   4 111  79  13 133 ___  75  27  78 120 ___ 100 | ___  88 123  66 109 141 ___ 102 ___ 125   3  84 |  62 ___  61 ___  10  73  14  97  83 ___  95  23 | 101  39  20 139 ___ ___ ___ ___ ___  32 138 136 |  12 124   5  90 ___  49  67  77  74  58 ___  35 | ___ ___  55 144  28  54 134 ___  48 115 116 ___ |  19 114  52 107 135 ___  51 ___  40 ___ 131 ___ |  33  86 ___  29  87 126 ___ ___  68 142 104  82 |  99  59  36  81   1  50 105 ___ 119 143  93 ___ | ___  41  72  42  17  57  43 ___  80 ___  70 ___ |
|  16 ___ 129 104  29  85  86 ___ ___ 126  68  87 |  89 ___  36 ___  99 119 ___ ___ ___ ___ ___  91 | ___ ___  39   8  25  26 ___  32 136  20 ___ ___ | ___  94 110 ___ ___  69  38 121 ___ ___ ___  76 | 141 102 123 109 ___  88 125 ___ 130  98 ___ ___ |  14 112 ___  62  83  23 ___  61 ___  73 ___  97 |  40 ___ 131  63 135 ___  51   7 ___ 107 ___  19 |  18 124  58  47  49  35 ___  74 ___  90 ___ ___ | ___ 140  53 106 ___  21  30 103 ___ ___  60  71 |  42  45  72 ___ ___ ___  43  57 ___ ___ ___  80 |  27  79 100  75   9 ___  13 ___ 133 120 118   4 |  54 ___  55  28  44 116 128  48   6 ___ 134 ___ |
|  89 105  99  50  93  91 143   1 119 ___  36  81 |  71 ___  21 103 132 ___ ___ ___  11  60  31 106 |  57  72 ___ ___  80  24  17  43 ___  45  70 122 |  63 ___  19  46  51   7 117 ___ ___ 107  40 ___ |  77   5 ___ ___ ___  18  58  12 ___  90  47 124 |  55 ___ 144 ___  28   6 ___  54  44 ___ 134  48 |   3  84 102  98 ___ 130 ___ ___ 113 125 ___ 123 |  73  23  14 ___  83 ___ 108  10 ___ ___  62 112 | ___  76  92   2  94  64  34  38 127  22 121  69 | ___ ___ 111 ___  75  79  27   4 ___ ___ ___ 133 | 129 126  68  87 142 104  33  85 ___ ___  29 ___ |  26  39 101   8 137 139  32 136  25 ___ 138  56 |
+-------------------------------------------------+-------------------------------------------------+-------------------------------------------------+-------------------------------------------------+-------------------------------------------------+-------------------------------------------------+-------------------------------------------------+-------------------------------------------------+-------------------------------------------------+-------------------------------------------------+-------------------------------------------------+-------------------------------------------------+
|  41  43 122  80  24 ___  70 139  45  72  17  37 |  79 ___  75  27 ___ ___  78 118  57   9 133 ___ | 112 ___  14  73  95  77 ___  15  23 108  61  10 |  81  36  16  93  91  59  99 ___  50 ___ 119 143 |  34 110  71   2 ___  64 ___  76  94 ___ ___  22 | 130 125 ___ 109 ___ ___ 113   7   3  98 123 ___ | 140  65  11 ___  21 132 106  30  31 103  60  89 | ___  46 ___ ___ ___ ___  19  40 114  52  51 107 |   4 ___ 104  33  68 ___  85 129  82  29 ___ ___ | 128 134  28  54  48  55 ___  96 ___ ___   6 144 |  56 101 ___ ___ ___  25  32 ___  20 ___ ___  39 | ___  58  49 ___  12 ___  90 124  47   5 ___ ___ |
| ___ 135  63 114 ___ 117 131  69 ___ ___  52  40 | ___ ___ 113  88 ___ ___ ___ 102 ___ 123 ___ 130 |  59 105 ___  99 143  16  50  36 119  93   1 ___ |  10  15  77 108 ___ 112  73  61  97 ___  23  95 |  39 ___ 116 ___ 136  56   8  25  32 137 138  20 |  13 111 118  79  27 120  75  57 ___ 100   9 133 | ___ ___  54  44 ___ ___  55  96 ___  28 ___ ___ | ___ ___ ___ ___  43 139  24  37 ___ ___  41  72 | 141  47  12  49  90  74 ___  18 124   5  35  67 | 132 ___ 103 ___  31 106 ___  30  53  89 140  65 | ___   2 ___ 127  71  76  94  38  22 121 110  34 |   4  85  33 129 ___ 126  68  82  86  29 142  87 |
| 109  88  98  84 ___ 130 ___ ___  66 ___ 113 ___ |  67 ___  74 ___ ___  47 ___   5 141  35 ___  49 | ___ ___ 106 ___  65  89  31 ___ 140  60  11  53 |  44 115  62 134  55 ___ 128  54  48  28   6 144 |  41  24 139  72  37 122  42  80 ___ ___ ___ ___ | ___ ___  29 126 ___  86  87   4 ___  68 142  82 |  25  20  26 137  56  32 ___  39 ___   8 138 116 | 100 ___  13 ___  27 ___   9  78 133  75  79 111 |  77  95  97  83  15 ___ ___  73 ___ 108  61 112 |  94 ___  38 110 127   2  64  34  92 ___  76 ___ | ___ ___ ___ ___  69 ___ 135 117  46 131 ___ ___ |  16  91 105  99 ___  59  36 119 143  93   1  81 |
|  79  27 100 133 ___  13 118  57 120 111 ___  78 | 126  85  87 129  68 ___ 104  29   4 142  82  33 |  96 ___  55 128 144  62  48 115 ___ 134  54  44 | ___  21  89 ___ ___  30 132 ___  31 103 140 ___ | ___ ___  69 ___  40  63 117 114 135  52 131  46 |  49  58   5  67  18  47  74 ___  12  90  35 124 | ___  22 ___  92  64  94 ___  34 ___  38 121  71 |  98 ___ 130 102  88   7 ___   3 ___ 113 109 125 | ___ 143  50 105  36 ___  91  99 ___  93   1  59 | ___ ___ ___  26 ___ ___  56  39 137 116  25 ___ | ___ ___ ___ ___ 139  80  43  42  45 ___  24  41 |  77 ___  83  73  97 ___ ___  23  95 ___  61  10 |
| ___ 132 ___ 140  11 103  60  89  65 ___  53  31 | ___ ___  92  94  64  22 127 121 ___ ___ ___ ___ |  79  13 111  27 120  57  78 100 133 118   9  75 | 113  98   7 102 125 ___ ___ ___   3 130  84  66 | 112  61  77  14  97  15  83  23  73  10 108 ___ |   8 101 138  39  32  20 ___ 116 136 ___ ___  25 | 124  47  35  74  90  18  58 ___  12 ___   5 141 | 115 144  28 134 ___  62 ___  48   6  44  96 ___ | ___  46  40 117  63  52 107 ___ 114 131 ___ ___ | 129  29  33 142 104  85  68 126 ___   4  82  86 |  36 ___ ___  50  16 ___  99 105 143 ___   1  59 | 139  72 ___ ___  37  41 122 ___ ___ ___  24  17 |
| 112  73 ___  23 ___  83 108  77 ___ ___ ___ ___ | ___  55  44 128 115 144  48 134  62  54 ___ ___ |  51 117 107 135  46  69  40  63 ___ ___  19 ___ |  17 ___ 139  70  72  41  43  24 ___  42  80 ___ | 126 ___ ___ ___ ___  68 ___  82 129  87  29  86 | ___ 106  60  30 132  65  53  89  31  21  11 140 | ___ 120   9  75 100 ___ 111  79  78  13 118 ___ |  36 ___ ___ ___  99  16   1 ___ 119  81  59  91 | 116  20 136   8 ___ ___ ___  32  25 ___  26  39 | ___ ___ 130 123   3 ___  98 ___ 113   7  84  66 | ___ ___  74  12 ___ 124  18 ___ ___ ___  35  67 |  71 ___ ___ ___ 127 ___  64 ___  22 ___ ___  92 |
| 126 129  68  82 142  33 ___   4  86  85 ___ 104 | ___ ___  81  99  36 ___  50  93 ___ ___ 119 ___ | ___   8 101  32  20 116 136  56  25 ___ ___ 137 | ___ ___ ___ ___ ___ ___ ___ ___ 127  38  76 ___ | ___ 123   7 125   3  98 130  84 ___ ___ ___  66 |  83 ___ 108 ___  73  95 ___  77  97 ___  61  23 | 114 ___  19  52 ___ ___ 107  51  40 ___ 131 ___ | ___ ___  49   5 ___ 141 ___  12 ___  74 ___  58 |  89  65 ___ 103  21  53 106 ___ 140  60 ___  30 |  43 ___  42  24 ___  72 122 ___  17 139  80  45 | 100 ___  75 ___ ___ 133  27  13 120 118   9  79 |  62 ___  28 ___ ___  96 115   6 144 134  54  44 |
| ___ ___  56  25  26 ___ 138 116 ___ 101 ___ 136 | ___  72 ___ ___ 122 ___  37  70 ___  24 ___ ___ | ___  49  58  18  47 141 ___ ___ ___ ___  35  74 |  87  68   4  29  85 126 129 ___ 104  33  82  86 |  30 ___  89 ___ ___  21 103 140 132 ___ ___  65 | 117 107 ___  51 ___ ___  52  69  40  63 ___ ___ | ___ ___   1 ___ ___  99  91  59 ___ 105  93  16 |  64  22  38 121  94 ___ ___ 127  76 ___ ___   2 |  57 ___  78  13 100  75 111  27 133 ___   9 ___ |  73 108  83  61  97 ___  15 112  10  77  23 ___ | ___  55  44  48  62   6 128  28 144 134  54  96 | ___ ___ 130  88   3 109  98  84 ___ 102 123 ___ |
| ___ 128 115   6  54  28 134  62 ___ ___  44  48 |  39 ___ 137  32  56  20 136 ___ 116  26  25   8 | 109 130 125 ___  66 ___ ___  98  84 102 ___ 113 | ___ 100  57 ___ 111  79  27   9 ___  13 133 ___ |  59   1 ___  91  50  36 105 119  99  81  93 143 |  38   2 121  34  94  22  92  71 127 ___ ___ ___ |  82  86 ___  87 ___ ___  85 126 104  33  29   4 |  21  65 ___ ___ ___ ___  11  31 ___  53  30 106 | ___  45  37  42 ___  17  72  43  80  70 ___  41 |  18 ___  49 ___  12 ___  90 ___ ___ 141 ___  47 | ___  14  10  97  77 ___ ___  83  95 108  61 ___ |  69 107 117 135 ___  51  63 114 ___ 131  19 ___ |
|  67  18 ___ 124 ___  49   5 141  47  58  74  12 | 112  14  10  73  15  95  97 108 ___  61  23  83 | ___  38 ___  94 ___ ___ 127 ___ ___ 121 110  92 | 137 ___ 116 138 101  39  32  26 136   8  25  20 | ___   9  57 ___  78 100 ___ ___  27  75 118 120 | 105  91  93  59  99 143  81  16  50  36   1 119 |  80  45  24 ___ ___ ___  72  41  37  42  70 139 |  68  86 ___ ___ 129   4 142 104 ___  87 126  85 | ___ ___  48  28 115 ___  55 128 ___ 134 ___ ___ | ___ 131 ___  19  40 107 ___  51  52  69 114 ___ | ___ 125 113   3   7  84 ___ ___  66 102 123 ___ |  89 106 103 132  31  30  21 140 ___  60  11  53 |
|  59  99  36 119   1 ___  93  16 143  91  81  50 | ___ 106  53 132  21  65 ___ ___ ___  11 140 ___ | ___  42  72 ___ ___ 139 ___ 122 ___ ___  24  17 |  52 ___  69 131 107  51 ___ ___  40 ___ 114 ___ | ___  35 141  58  12  90 ___ 124  18 ___ ___  47 |  28  55 134  96 128 144  44  62 ___ ___  54   6 | ___ ___ ___ 113 ___  88 125 ___ ___ 130 102   7 |  15  95  83 108 ___  77  61  97  23  10 112 ___ |  71 ___ 127  38  64  92   2 ___ ___ 121 110  34 |  27 118  13   9 ___ 111 ___  79 ___ ___ ___ 120 | ___  85  87 104   4  82 129  33  86  29 142 126 | 116 101   8  32 136  39 ___ ___ ___ 138  26 ___ |
|  34  94  64  76 110 ___ ___  71  22   2  92 ___ |  51 ___  52 ___ ___ ___  40 131  69  19 114 117 | 126 ___ ___ ___  86 ___ 104  68 ___  29 142  87 |  74 ___ 141   5 ___  67  18 ___ ___  49 ___ ___ | ___ ___  62 ___  48 ___  28   6 128  44 ___ 144 |  42 ___  70 ___  43  45 ___ ___ ___ 122  24  80 |  23  95  61  10  15 ___ ___ 112  97  83 108 ___ | ___  20   8 138  32 116 ___ 136  25 137  39 101 |   7  66   3 ___  98 ___ 125  88  84 102 123 109 | ___  93 105   1  50  91  36  59  81  16 119 143 | ___ 106  53 ___  89 ___ ___ 103  65 ___ ___ ___ |  57 111 ___ ___  78 ___ ___ 133 120 ___   9 ___ |
+-------------------------------------------------+-------------------------------------------------+-------------------------------------------------+-------------------------------------------------+-------------------------------------------------+-------------------------------------------------+-------------------------------------------------+-------------------------------------------------+-------------------------------------------------+-------------------------------------------------+-------------------------------------------------+-------------------------------------------------+
| 137 ___ ___ ___ 128  25  28 115  55 ___  26 116 | ___  37  24  45 ___ 101 139   8 ___  32  39 ___ |  74 124 ___ ___ 125  98 141 ___ 109 ___  88  35 | ___  29 ___  13 ___ ___ ___  27   4  82 ___ 111 |  53 ___  36  31  89  60 140  59  65  11 ___ ___ | ___  40 ___ ___ ___   2  19  64  69 ___  94  34 | 126  85 129   1  93 143 ___ ___  16 ___  33  68 | 121 ___ ___ 103  22  21 132  71  30 ___  92 127 | ___  72 ___ 133 118   9  78 120  41  42 ___  75 | ___  49  23  18  77  97 ___  10  61  90  67  58 | ___  48  54  62 ___ 112 144 ___  14  83  73 ___ | ___ ___ ___  66   7 113 102  51 107 ___ ___ 123 |
| ___  45  70  39 ___  80   8  56 101 ___  24 ___ |  75 ___   9 120 118  72  57  42 ___  43 ___ 133 | ___  23  97 ___  58 ___  77 108 ___  49  18  61 |   1  93  68  33 ___ ___ ___ ___  16 119 126 ___ |  92 132  21 ___  71 121  76 ___ ___ 110 ___ ___ | ___   3 ___ 113  66 107 ___  63 ___ 102 135 ___ |  59  91 ___  11  60  65  31 ___  89 140 105  36 | 131 ___ ___  38  46  64  94  69 ___  19 ___  40 | 100 111   4 ___  29 142 104  86 ___ ___  27  87 | 144  83   6  73  62 ___ 134  44  54  15 112  14 | ___ 136  26 116 115 ___  20  25 ___  28 128 137 |  98  12 ___  47 141  74   5 109 ___ 130  88 ___ |
|  10  95 108 ___  18  23 ___  90  58  97  61  77 |  44 ___  54 144 ___  14  62  83 ___  73 ___   6 |  52 114 ___ ___   2 ___  69 ___  34  38 ___ ___ |  24 ___  56   8  37  17  45  32 139 ___  39 101 | ___ ___ 100 ___   4 ___ ___  79  86 142  13 111 | 140  31 ___  53  65  91  11  36  89 ___  99  59 |  41  72  43   9 ___ 120  78 ___  57 133  42 122 |  93  85 ___  33 143  68 129  16 126 ___  81  50 | 115  55 116  25 ___  26 136 ___  96 ___ ___ 137 |  66 117 ___ ___ ___   3 102 113 123  63 ___ 107 |   5 ___  35 141  98 109  47 124 125 ___  88  74 |  21 127  76  22  71  92 121  30 106 ___ 132 ___ |
| ___ 144 134 112  73   6  83 ___  14  48  54 ___ | 137 ___  26  20 ___  55 116 ___ 115 ___  96  25 | ___  84   3  66 107  63   7 ___  51 ___ 135 ___ |   9 ___ 122  42 ___  75 ___ ___  57 133  41  72 |  81 ___ ___  50 ___ ___ 119 ___ ___   1  33  85 |  76 127 103  92  22 106 ___  21  71 121 132  30 |  79 ___  27 ___  29  86 104  87   4  82  13 ___ | ___  91 ___ 105  65 ___  99  89  59 ___  53  31 |  56 101 139  80  70  24 ___  45  39   8 ___  17 | ___ 130 124  88 141  12 ___ ___ ___  98 109 125 | ___ ___  61 ___  90  67  95  23  58  49  18  10 | ___ ___ 114  46 ___  52 ___ ___   2  38  94  19 |
|  81 143 ___ ___ 129 119  33  68 ___  50   1 ___ |  53  31  11  65  60  91  89 ___  36  99  59 140 |  17  80 ___ ___ 101  56 139  70  39   8  32 ___ |  19 ___  64  38  40  52  46  94  69 ___  34 ___ |  74  88  98  12 ___   5 ___ 109  47 ___ ___ 125 |   6  48  83  44 ___  14  54  15  62 ___  73 112 | ___ 107 135 123 102 ___   3 113   7  84 117 ___ | ___ ___  23 ___  95  90 ___  77  67  61  10  97 |  21 106 ___  76 ___ 110 ___  22  30 103 ___  92 | 120 ___ 133  43  57  78 118  75 ___ 122  41 ___ |  29 104 142   4 ___  79  86  82 ___  13 ___  87 | 115 136 ___ ___ 116 ___ 138  96  55  28 128 ___ |
|  52  46 131  34  94 114  38 ___   2  40  19  69 | 113   3 123  66 102 107   7 117  63 ___  51  84 |  81 119  50 143 ___  68 ___ ___ ___ ___ 129 ___ |  61 108  90  49 ___  10  95 ___  77  23  67  58 | 137 ___ ___ ___ 116 138  25  96  20  26  28  55 | 133  78  42  75 ___ ___ ___ ___  57 118 ___  41 | ___  14  73 ___ ___ ___  48  44  62   6  83  15 |  70 ___  80   8  45  56  32 139  39 ___  17 ___ |  98 125 141 ___   5 ___  12 ___ 109 130  88  74 |  65 105 140 ___  89  31 ___  53  11  36  59  91 | 121 127 ___  71  21  30  22 ___ ___ 103 132  92 | 100 104  82  86   4 ___  29  79 111  13 ___ ___ |
| 113  66 102  51 135  84 117 ___ 107   3 123 ___ |  74  12  35 ___   5 ___ 141 130 ___ ___ 109 124 |  53 ___  31  65  91 ___ ___ ___ ___ 105  99  11 | ___ 134 ___ ___  48  44 ___  73 ___   6 112  14 |  17  32  56  37 139  70  80  39  45  24   8 101 |  82 ___ ___ ___ ___ 111 ___ ___   4  29  27  79 |  96  55 ___ ___ ___  20 ___ ___ ___ ___  28 115 | 118  72 133  42 ___ ___  43  57  41   9  75  78 |  90  58  77  23 ___ ___ ___ ___  67 ___  18  10 | ___ 103 ___ 132  71 127 121 ___ 110 ___ ___ 106 | 131  40 ___  69 ___  34  46 114 ___  38  94 ___ | ___  50 119 143 ___  81  93 126  85  33 129   1 |
|  74  47   5 109 ___ ___ 130  98 ___  12  35 141 |  10  97 ___ ___ 108  58 ___  49 ___ ___  67  23 | ___  76 127  22 ___  21 ___ 121  30 103 132 110 |  26 138 ___  28 136 ___  20 ___ 116 ___  96  55 |  75  43 122 ___  57 118 ___ ___ ___   9  42  72 | 119 ___  33 ___ ___ ___   1  68  16 ___ 129 ___ |  39 101 ___ ___  70  45  37  17 139  80 ___ ___ | ___ ___  82  13  86 ___  27 ___  79 ___ ___ 104 |  15  14 ___   6 134  54 ___ ___ 112 ___  73  44 |  46  38 ___  94  69  40 ___  52  19 ___  34   2 | 102 ___ 123 ___  63  51 ___  84 ___ ___ 135 113 |  36  31 140  65  89  53  60  59 ___ 105  99  11 |
|  92  22 ___  30 132  76 ___  21 106 127 ___  71 |  52  40  19  46 131   2  69 ___ ___  94  34 114 |  87 ___ ___  86 ___ 100   4  29  79  13 ___ 142 | ___ ___  98 ___  12  74  47 ___ 141 124 109 125 | ___  73 ___  48  62 134   6 112 144 ___ ___ ___ |  80 ___ ___ ___ ___ ___ ___  56 ___  70 ___ ___ | ___ ___  18  61 108  95  97 ___  77  23 ___  90 | 138  55  25 ___ ___ 115 128 116  96 ___ ___ ___ |  63 ___   7  84 ___ 123 ___  66 ___ ___ 135 113 | 143 ___ ___ 129  16  50  93 ___ ___  68 ___  85 | ___  31  11  89  36  59  65 ___ ___ 105  99  53 | 122 ___ ___ ___  57 ___ 118  41  72  42  43   9 |
|  87 ___  29  79  27 ___  13 100 111 104 142   4 | ___  50   1 143  93  85 ___ ___  68 ___ 126 119 | 137  25 ___ ___  55 ___ 116 138  96  28 128 ___ | 110 ___  21 ___ ___  92  22 132  71  76 ___ 106 | 113 135  63   3   7 ___  84  51  66 123 117 107 |  23 ___ ___  10  95 ___  61  90  77 108 ___  67 |  34 ___  94  19 131 ___  40  52  69 114  38  64 |   5 125 ___ 130 ___  98  88 ___ 109  35  74  12 |  36  91  89 140 ___  11  31  65  59 105  99  53 | ___ ___ ___  32 ___  37  70  17  24 ___ ___ 101 | 118  78   9  57 122  41 ___ 133  72 ___  43  75 |  15 ___   6 144  62  44 134 112  14  83  73  54 |
| ___  65 ___  59  99 140 105 ___  91  31  11  89 | ___ ___ 110  22 121 106  71 ___  21 132  30  76 | ___ ___ ___ 120  72 122  57 118  41  42  43   9 | 123 ___  63 117 ___ 113  66 135   7  84  51 ___ |  10 ___ ___ ___ ___ 108  23  67  95 ___ ___ ___ | ___ 136 ___ ___  20 ___  26 ___ ___ ___ 128  96 | ___ 125 ___ ___   5  47  12  74 141 124 ___  98 | 134  14   6 ___ ___  15 ___  62 112  54  44 ___ |  64   2  69 114 ___  19  40  46  34 ___ ___  52 |  86  13  82 ___ ___ ___ ___ ___ 142 100 ___ 111 |  93  50   1  16  68 126 143 ___ ___  33 ___  81 |  56 ___  80  45 139 ___  70  39 101 ___ ___ ___ |
|  75 120 118  41 ___ 133  42 122  72 ___ ___ ___ |  87 104 142  86 ___ 111 ___  13 ___  27 ___  82 | ___   6  48 144  14  15  62 ___ 112  83  73  54 |  11  60  36 105  31  53  65  99  89 140  59  91 |  52  94  64  40  69 131 ___  34  46 ___ ___   2 | ___  12 ___  74  47 125 ___  98 141   5 ___ 109 |  30 106 132 110 ___  22 127  92  71  76 103  21 | 102 107  84 117  66 ___ 135   7 ___ ___ 113 ___ | ___  85  16 119  93 ___  50 143 126  33 129  81 |  20  28 ___ ___ ___ 136 138 137  26 ___  96  55 |  70  37 ___ ___ ___  39  45  80 101   8  32  17 | ___  97  23  95  77  10 ___  67  58  49  18  61 |
+-------------------------------------------------+-------------------------------------------------+-------------------------------------------------+-------------------------------------------------+-------------------------------------------------+-------------------------------------------------+-------------------------------------------------+-------------------------------------------------+-------------------------------------------------+-------------------------------------------------+-------------------------------------------------+-------------------------------------------------+
|  65  89 ___  99 ___  11  81 119  36  60  91 105 |  22 121 ___ ___ ___  21 103  53 140  31 132 110 | ___ ___ ___  57 122  80  42  41  43  17  37  72 | 107  51 ___ ___ 102 ___   7 ___ 117 ___ 135  63 |  95  12 124 108  49  67 ___ ___  77 ___  74  90 |  26 138  44  20 ___ 115  55   6  28  96  48 128 |  88 ___   3 ___ 109 ___   5  47 130  35 113 ___ | 112  15  54  10  62  23  97  83 ___ ___ 144 ___ |  76  64  38 ___  34 ___ 131  69 ___ ___ ___  46 |   4 ___ 142  78  13  29  79  86 111 133  27 100 | 126 ___  85 ___ ___ 129  16   1 ___  87 104 ___ |  25  70  24 ___ ___  45  39 ___ ___ ___ 136 101 |
| 144  62 ___  73  97 ___  10 ___  15 134  14 ___ | ___ 138 ___ 116 ___ 115  28 ___   6  48 128 ___ |  66 123 102   7  63 114 117  51 135  52 ___ ___ |  72  41 ___  17 118 ___  57  37 ___ ___  43 122 | 143 104  82  93 ___ 126 ___ 129  16  85 ___  68 | ___ ___  53  22 ___  21 ___ 140 103  30 ___ 132 |  27 100  78 111  79   4  29  86  13 142  75 ___ | ___  36  11  81  89 ___ ___ 105  99  91  65  60 |  25 ___   8 ___  39 101  70 139  32 137 ___  45 | ___ 113  35 ___ ___   5 ___ ___ 125  84  88  98 | ___ 108 ___  49 124  18  77 ___ ___  74  12  95 | ___ 131  19  69 ___  46  34  94  64 ___ 127 ___ |
|  47 ___ ___  88   3  35 113  84  98 ___ ___ ___ | ___ 108  58  77  67  90  49  74 ___  12  18  61 |  22 110 121  71  21 ___ 103  30 ___ ___ ___ 106 |  55  96 ___ ___ 138  20 116 ___ ___  26 128 115 | ___ ___  80 118 ___  41   9  43  57  72  17 ___ |   1  93  87 143 ___  68  85  82  33 126 104 ___ |  32  56 ___ 101 ___ 139 ___  45   8 ___ 137  25 |  79 ___ ___  75   4 133 ___  13  27 111  86  29 |  23  15  83 ___ 112  14 134  62 ___  10 ___ 144 |  69  92 ___ 127  38 131  34  46   2  76 ___  64 | ___ 102 ___ ___ ___ 135   7 123  63 ___  40 ___ | 119  60  11  89 ___ ___  59  99  36 ___  50 ___ |
| ___ ___  41 ___ ___   9  17 ___ 122 118  72  42 |  86  29 111   4  79 100  13  75 ___  78  27 ___ | 144  54 134  62 ___  23 ___ 112  73 ___  97  14 | ___  59 ___  81  60 ___  89  50 105  11  99 ___ | ___ ___  76 131 ___  34 ___  94  69   2  92 ___ | ___ ___ 113 ___ 141  98 ___  84 130 109   3  88 | 132  21  31 ___ ___  71 121  22 103 110  53 140 |  51  63 123  52 ___ 114  40 117 135 ___  66 102 |  82 ___  33   1 ___  85  93  16 ___  87 104 143 | 116  44  26 ___  28 138 ___  20  55   6 ___ ___ | ___  70 101   8  25  32 139  24 ___ 137 136 ___ | ___ 108 ___  77 ___ ___  67  18 ___  74  12  58 |
|  95  77  67 ___ ___  61  74 124  90 108  58 ___ | 144 134  14  62 ___  15 ___  10 ___  97  73  54 |  46  19 131 ___  64  76 ___  34  94  92 127   2 | 101 ___  25 137  70  45 139 ___   8  24 ___  56 |  86 ___ 133  29  13  79 142  27   4 111 ___ ___ |  11  60 ___ ___  89  36  91 ___ 105  59 ___ ___ | ___ 122  37  72  41  57 118 120 ___ ___ ___ ___ | ___ ___   1  87  16  82 ___  33 ___  85 143  93 | ___ 115 ___ ___ ___ ___ 138 116 128 ___  48  20 |   7  52 ___  40 117 102  51  66 107 114 135  63 | 109   5 125 130  84 ___ 141  35  98 ___   3  47 | 140 ___ ___ ___ ___  22  30 132 ___ ___  31 ___ |
| ___  69  34  94 127  19  92  76 ___ 131   2  38 |  66 102 ___   7  51  63 117  52 ___  40 135 ___ | 143   1  93 ___ ___  82  33 ___ 129  87 104  85 | ___  67 124  74 ___ ___  77  12  49  61 ___ ___ |  20  48   6 138 ___  96  26 128 116  55  44 ___ |   9 118  17 120 ___ 122  72  80  42  41  37  43 |  73  15  97  14 112  62 134 144  83 ___  10 ___ |  39  56  24 137 139  25 136 ___  32 101  45  70 |  84  98 130  35 109 125   5 141 ___ 113   3  47 |  89  81 ___  50 ___ ___  59  65  91 119  99  36 |  30 121 106 103 140 132  71 110 ___ ___  31  22 | 133  29 142   4  13 ___ ___  27 100  75  78 ___ |
| ___ ___  30 132  31 ___  53 140 ___ 121 ___ 103 | ___ ___ ___  69  34  64  38 ___  76 127  94  19 | ___ 142  29 ___ ___ 133  13 ___ ___  75 ___ 111 | 125 ___ ___ 113   5 ___ ___   3 130 ___ ___  98 | 144  97  23 ___ ___ ___  54  73  62  14  10 ___ |  24  70 137  45 139  56 101 ___ ___  39 ___ ___ | ___  90 ___  58  67 ___ 108  95  49 ___ ___ 124 | ___ ___  26  44 116 ___  48 ___ ___ ___  20 138 | 114  63 117 123 ___ 107 ___ ___ ___ ___  40 ___ |  16 ___ ___ 104 ___  93 126 ___  85  82 129 ___ | ___  60  91 105 119  99 ___  11  36  81 ___  65 |  80 118   9  57  42 120  41 ___ 122  17 ___  72 |
| 143 ___ 126 129 104   1 ___  82  68 ___ ___  33 |  65 ___ ___  89  59 ___ 105 ___ ___  50 ___ ___ |  45 ___  70 ___  56  25   8 ___ ___ 137 136 ___ |   2 ___ ___  92 131 ___ ___ 127 ___ ___  94 ___ | ___   3  84   5 ___ ___  35  88 141 125 113  98 |  54 ___ ___ 144 ___  15 ___  23  83 112 ___  73 | ___  63  40 107 ___   7 102  66 ___ 123  52 ___ | ___  90 ___ ___  77 124  12  49  18  58 ___ 108 | ___  21 103 110  30 106 121  71 132  53  31  22 | ___  17 ___  37  42 ___  41 120 ___ ___ ___ 122 |  79  29 111  13 133  27   4 142 ___  75  78  86 |   6 ___  26 ___  28 ___ ___ 128 ___ ___ ___ ___ |
| ___ 116  96 ___  48  26 ___   6 115 ___ ___  28 | ___ ___ 101 139  39  56   8 ___ ___ ___  32  24 |  47  35   5 141  98 ___ ___ 109  88 ___   3 125 | 111  79 133  75  29  86   4 ___  13 ___  27 100 |  65 ___ 119 ___ ___  59  11  99 ___  91  81 ___ |  19 131  92  46  69  64   2 ___  38  34 127  94 | 129  68 104  85 126  16 ___ ___  33 ___  87  82 |  30 ___ 110  53 ___ 140  31 103 132 106  22 ___ |  80 122  42   9  41  72 118  57  43  17  37 120 |  77 ___  61 ___  49 108  67  95  58 ___  18  90 | 112 134  14 ___  23  73 ___  54  15  10  97 144 | 114 ___ ___   7 117  66  51 ___  63  52  40 ___ |
| ___   4  79  27 ___ 142  75 ___ 100  29 111  13 | ___  93 ___  16 126  68 ___  87 ___ 104 129   1 |  20  26 138 116 115   6 ___  96 128  44  48  55 | ___  30 140  53 121  22  71  31 ___ 110 132  21 |  66  40 ___ 102 117  51 123 ___ ___ ___  52 ___ |  61 ___ ___  95  77  90  58 124  49  67 ___  18 |  94  64 127   2  34  69 131 ___ ___  19  92  76 | ___  98  35 ___ ___  84   3 130  88 125  47   5 | ___  36 ___  11  59  91  60 ___ ___  81 ___  65 | 139 137  24 136 ___ ___  39  45 101 ___ ___ ___ | ___ 118  72  42  80  43 ___ ___ ___  17  37 120 |  23 ___  54 ___  83 144 112  73 ___  10  97  14 |
| ___   7  51 135  40 123 ___ ___  63 102 107 ___ |  47 ___ ___ ___ 109  98 130 113  84 ___  88  35 |  65 ___  60 ___  36 ___ 105 ___  99 ___  50  91 |  14 112  23 ___ ___ ___ ___  97  83  54  73  15 | ___ 136 ___  70   8 ___ ___ ___ 139 ___ ___ ___ | 142  29 ___  86   4 ___ ___ 133 ___  79  78 ___ | ___ 115  48 ___  96 116 138  20  28 ___  44   6 | ___ ___   9  17  57  80  37 ___  43  72 120 118 | 124  90  49  61  67  58 108  77  18 ___ ___  95 |  71  53 110  31 ___ 121  30 ___ 106 140 ___  21 |  34 131   2  38  76  94 ___  19  64  92 127  46 |  82  93   1  16  33 ___ 126 129  68  87 ___  85 |
| ___ 139  39 ___ 136  24 ___  25  56 ___ 101   8 | 120 118 ___ ___  41 122  42 ___ ___  37  43   9 |  95  61 108 ___ ___ ___  49  67  18 ___  12  58 | ___ 126  82  87  93 ___  16 ___  33   1 ___  68 |  22  31 140 121 103  30 110 132 ___ ___ ___ ___ | ___ 102  52 ___ ___ ___ ___ 114 ___ ___ ___ ___ | ___  36  50  91  59 ___  60  65 105  11  81 119 |  34  64 ___  92  69  76 ___  38  94   2  46 ___ | 133 ___  13 142 ___ 111  29   4  27  75 ___ ___ |  62 ___  54 ___  83 ___ 112 144 ___ ___  73  15 |  96 138  55  28   6 ___ ___ ___ 115 ___  48 ___ | ___ ___ ___ 141 130 ___ ___  88  98 ___ ___ 125 |
+-------------------------------------------------+-------------------------------------------------+-------------------------------------------------+-------------------------------------------------+-------------------------------------------------+-------------------------------------------------+-------------------------------------------------+-------------------------------------------------+-------------------------------------------------+-------------------------------------------------+-------------------------------------------------+-------------------------------------------------+
|  99 ___ ___   1  85  81 126  33  16  36 143  93 | 132  21  65  31 140 ___  60  59 105  91  11  53 |  43  17 122  37 139   8  70  80  24  39 ___ ___ |  46 114  38  34  63 135  40   2 ___  52 ___  69 | ___ ___ 130 ___   5 ___  74  35 ___  47 109 ___ | ___ 115 ___ 128  48  62 ___ ___ 134   6  14 ___ | ___   7 107  66  84   3  98 ___ 102 ___  51 ___ | ___  77  10  67  97  49  58 108  61  95 ___  15 | 103  71 ___  92  76  22 ___ 127 110  30 106  94 |  78  41  75  72 ___ 100 ___  27 120  42   9  57 |  82 ___ ___  29  13 142 104  87   4  79 ___ ___ |  28  56 137 ___ 138  32  25  26 116 ___ ___  20 |
| 128  48 ___ ___  14 ___ 112 ___ ___ ___ ___ 134 |  32  56  20 ___  25 116 138 ___  28  55 ___ 137 |  88 113  98   3   7 ___ 102  84 ___ ___ ___  66 | 120 ___  42  41 100 ___  78  72 118 ___   9  57 |  99 ___  33  36 ___ 119 ___   1  50 143 126  16 |  92  64  30  94 ___  71  22 103 121  76 ___ 110 | 142   4 111  86 ___ 104 ___ 129  29  87 ___  13 | 140  89 ___  59  31 ___ ___  60  11 ___ 132  21 |   8 ___  70 ___  80 ___ 122  37 ___  39 101  43 |  12 109  74 125 ___  90 124  18 ___ 130  35 ___ |  23 ___  95 108  49 ___  97 ___  77  67 ___  73 |  38  63  52  40 131 ___ 114 ___  69  34   2 ___ |
|  73  97  23  61  58  10 ___ ___ ___  15  95 108 | 128 115 ___  48 ___  62 ___ 112  83 ___  54 ___ | ___  52  63  40  69  38 ___ ___  19  34   2  46 | ___  80 ___  39 122  43  37 101 ___  17 ___ ___ | 129 111  13  68  29  82 ___ 142 ___  86 ___   4 |  53  21  59 132  31 ___ ___ 105 ___ 140  91 ___ |   9 ___  72 120 133  78 ___  27 118  75  41  42 | ___  16  81 126  50  33 ___ ___ ___ 143 ___  36 | ___ 116 138 ___  25 ___  56 136  26 ___  55  32 | ___  51 113 107 102  98  84  88 ___ ___ ___ ___ | 124 ___  47 ___ 130  35  12  74 141 109 ___  18 | 103  64  92 127 ___  94  76 ___ ___  30 ___  22 |
|  43 ___ ___ ___ ___  17  39   8 139 122 ___  70 |  27 100 120  78 ___  57 118  41  42 ___   9  75 |  73 ___  15  97 ___ ___ 108  23  61 ___  58  95 | 143 ___  33 126 ___ ___  50  85 ___  81   1  16 | ___ 106 103  64 ___  76  92 110 127  22  30  71 | ___  98  51  88   3   7  66 117 102  84 107 ___ |  11 ___ ___  65 ___ ___  21 132  60 ___  59 105 | 114 ___  52  34 ___ ___   2 131  19 ___ ___  63 |  13   4  29  87 ___  86  68 ___ ___  79 111 129 |  48 112  44  14 ___ 115   6 ___ ___  83  54  62 |  25  56  20 138 ___ ___ 136 137 116  96  55  32 | ___ ___  74  12   5  18 124  35 141 109 125  47 |
|  32 ___ ___  26 ___ 137  96  28 116  56 ___ 138 |  43 122 ___ ___  80 ___  70  39   8 ___  24  17 |  18  74  90 ___ 141 ___   5 124 ___ 109 125  47 |  86  82  13  79 ___ 129 104 111  29  87 142   4 | 132 ___ 105  21 ___ 140  53  11  31  65  59  89 |  52 ___  34 135  40  69 ___  38 131 114   2  19 |   1  16  85 143 119  50 ___ ___  93 ___ 126 ___ | ___  71 ___  30 ___ 103 106 121 ___  22 ___  64 |  42 ___ 118  75 133 120 100 ___   9  41  72  27 |  97 ___  10 ___ ___ ___  23  73  95  49  61 ___ |   6 115 144 134  83  54 ___  44  62 112  14 ___ | 117  98 113   3 ___  88  84 123   7  51 ___  66 |
| ___  40 114  19   2  52 ___  38  69  63  46 131 | ___  98  66   3  84   7 102 ___ ___ 107 123 113 |  99 ___  36  50 ___  33  93 119 ___ 126  85 ___ |  95  23  49  67 ___  73  97 ___ ___  10 ___  77 | ___  55 ___  56 ___  25 ___ ___ 136 ___  96 116 |  75 100  41  27  78 ___ 120  42 118 133  72   9 |  54 ___  14 ___   6  48 115 128 134  44 ___ ___ |  80 ___  17  39  37   8 ___ ___  24 ___  43 122 | ___ 141   5 ___ ___  47  90  12  35 109 ___  18 |  31  59  53  91 ___  21 140 132  65 105  11 ___ |  76  64 ___ 121 103 110 127  92  71  30 ___ ___ |  13 ___  87 104  29 129  82 142 ___ ___ 111  86 |
| ___  12 124  35 125  74 109 ___ 141 ___  47   5 |  73  15 ___  97  23  77 ___  67 ___  58 ___  10 |  94  92  64 127  71 103 121  76 110  30 106 ___ |  20  25  28  96  56 ___ 136 ___ 138 ___ ___ ___ | ___  72 ___ 100 118 133 ___   9 ___ 120 ___  57 |  81 ___ 126 ___  50  16 143 ___  93 119 ___   1 |  24 139 101  45 ___  37 122 ___  70  17  39   8 |  82   4  87  79 104 ___ 111  29 142  86 129  68 | ___  62 134 ___   6 144 115  48 ___ ___  14 128 |  40  34  52 ___ 131 ___ 114 135  46  38  19  69 |  84  98  66 ___ 117 123 ___ ___   7  51 107 ___ | 105  21  53 ___  60 ___ 140  11  89  59  91  65 |
|  94 ___  76 ___ 106  92  30 ___  71 ___  22 121 | 135  63  46 ___ 114 ___ ___  34 ___   2  19  52 | 129  87  68 104 ___  13  29 ___ 142 ___ ___  86 | ___ 124 130 ___ ___ ___  12 125 ___  74 ___ ___ | 128 ___  83 115 134   6  44  54  48 144 112 ___ | ___ 122  39  43  37 139  45   8  70  80 ___  24 | ___  77  58 ___  23  97  15 ___ ___  10  67  49 | ___ 116 ___ ___ 136  28  55 138  26  20 ___  56 | 117 ___ ___ ___ ___ ___ ___ ___ 123  51 ___ ___ |  50 ___  81  85  93  36 119  99 143 ___   1  16 | 140 ___  65  60 105  11 ___  53  89 ___ ___ ___ |  42 100  75  78 118 ___ 133   9 ___ ___ ___ 120 |
| 132  31 ___  11  91 ___ ___ 105  89  21  65 ___ |  94 ___  22 127  76 ___ 121 ___ ___ ___ 110 ___ |  27  75 100  78  57  42 118 ___   9  41  72 120 |  66  84 117  51 ___  88   3 107 102 113 123   7 |  73 ___ ___ ___ 108  23  10  61  97  95 ___ ___ | ___  56 ___  32 136 116  20  28 138 ___ ___ ___ | ___ 141 ___  47 124  12  90  18   5  74 109 130 |   6 ___  44 112  48 ___ ___ ___  54 144 128 115 | ___  69 ___  52 114  46 ___  40  19  34 ___ ___ | 104  79 ___ 111  29  68  82 129  86  13 142 ___ | 119 ___ 143  93  33   1 ___  81  16 126  85  99 |   8 122  17  37 ___ ___  80 ___ 139 ___ 101 ___ |
| ___ ___  84 123 ___ 113  51 117 ___ ___  66 102 |  18 ___ ___  12 124 ___   5 ___ ___ ___  35 ___ | ___  53  21  31 ___ 105 ___ 140 ___  59  91  65 | 144 ___  83 ___ 115 128  48  14 ___  44  54  62 |  43 ___   8 122  70  80  17 ___  37  45 ___ 139 |  87  68  79 ___ 104 ___ ___  13  29  82 111 ___ |  26 116  55  20  25 ___  56 ___ 138 137  96  28 | 133  57 ___  41  78  42  72 118 ___ 120  27 100 | ___  77 ___  10  23  95  15  97  61  67 ___ ___ | 127 ___  92 ___ 121 ___  76 ___ ___ 103 110 ___ | 114  63  46 131  38 ___ ___  52  69  34 ___ 135 |  33  36 ___ ___  93 ___ 119   1 ___ 126 ___ 143 |
| ___  78 133   9  72  75  41  42 ___ 100 120 ___ | 129  68 ___ 104  82   4 ___  79  13 ___ ___  87 | 128  44 115 ___  62  83 134   6 ___ ___ ___ 144 |  65 140 ___  59 ___ 132  31  91  60  53  11  89 | ___   2  38 ___ ___ ___  52 ___  40 ___  34  69 |  74  90 109  18  12 141  47 ___   5 124 125 ___ | 110 ___ 106  22  76 127  64 ___ 121  92 ___ 103 |  84   7 ___  51 ___ ___ 107 102 ___  66  88 ___ |  33  16  93 ___ ___ 143 ___ ___   1 126  85  99 | 136  96 137 ___ 138 ___  25  32  20 ___  26 ___ |  80 122  45  70 ___  24 ___  17 139  39 ___  43 | ___ ___ ___ ___ ___  73  23 ___  77 ___  58 ___ |
| 129 104 ___ 142 111  87  79  13   4  68  86  29 |  99  36 143  50 ___  16 ___ 126 ___ ___ ___ ___ |  32 ___  56 136 ___  28 ___ ___  26  96  55  20 |  22  76 103  30  64 ___ 127 106 ___ ___ 110  71 |  88 107 117 ___ 102 ___ 113 ___   3 ___  51   7 |  10 ___  67  73  97  77  95  49 108  23 ___  61 |  19  69   2 ___ 114  40  63 135 131 ___  34  38 | 124 141  74 109  12 ___ 125   5  35  47  18 ___ | 105  89  60  53 140 ___  21  31 ___  59  91 132 | ___  39  17 101  70 122  80 ___ ___   8  24 139 | 133 100 120 118 ___   9  78  75  57 ___  72  27 |  83 ___ ___ ___ 134 128   6  54  62 ___ ___ ___ |
+-------------------------------------------------+-------------------------------------------------+-------------------------------------------------+-------------------------------------------------+-------------------------------------------------+-------------------------------------------------+-------------------------------------------------+-------------------------------------------------+-------------------------------------------------+-------------------------------------------------+-------------------------------------------------+-------------------------------------------------+
| ___ ___  42 ___  45 ___  80  70  37  57 ___ 122 | ___ ___  27 111 ___  78 100 133 118 120 ___  79 |  54 112  62  14  97 108  15  83  10  23  95  73 |  99 ___ ___ 119  89  11 ___ 143  36  59  81  50 |  19  22 121  69  64 ___  34 ___   2  94  76 127 | 109 141 ___  35 ___ ___  88 ___  98 130  66 113 |  53  31  65 ___ ___ 106  71 ___ ___  30 140  60 | 117 ___  51 114 107 ___ ___  63  52 135 ___   7 |  29 ___  68 ___ ___ 129  16  85  87  82 ___   1 | ___   6  96 144 115 ___  28  26 128 134 ___  48 |   8 139  32 ___ 138 ___ 101  39 136  25 ___ ___ |   5  77 ___  58  90  61  49  74 ___ 124  47  18 |
|  11  91 ___  81 143  59 119  93  50 ___ ___ ___ | ___  71 132 ___ 103  31 ___ ___ ___  65  53  30 |   9  41  57  72  37  70 122 ___  17  80  45  43 | 135 117 131 114   7 ___ 107  46  63 ___  52  40 |  61  47 ___ ___  90 ___  67 ___  58  18 124  12 |  96 116 ___  26  55  48 128 134 115  28 144  44 | ___ ___  66  88 130 125 141 ___  98 109  84 102 |  83  97 112  23  14 ___  95  15  10  73  54  62 | 121 ___ ___  34  38  94  69   2  92  76  22 ___ | ___ 133  79 ___ ___   4 ___ 142  27 118  75 ___ |  33  16 129  68 ___  87 ___ 126 104 ___ ___   1 | ___ 139  39 ___ ___ ___   8 137 136  25 ___  32 |
|  35 125 130 113  66 109  84 102   3 141 ___  98 |  61  77  18 ___  49  12 ___ ___ ___  47  74  67 | 110  30  71 ___  31 ___  21 103  53 ___ ___ 132 | ___  28 134 ___ ___  26  55 144 115  96  44 ___ |   9 ___  70  57 ___ ___  41 ___  72  43  80 ___ | 126 ___  82   1  85 104 129 ___  68  33  86  87 | 137 136  20  32 ___ ___ 139 ___  56  39 ___ 138 |  13  78 ___ ___ 111 ___ 120 100  75  27 142   4 | 108 ___  15 112  83 ___  62  14 ___ ___  95  54 |   2  76  34 ___  64 ___ ___  19 ___ ___  92 127 | 117   7 ___  63 131 ___ 107  51  40 ___  46 123 |  93  89 ___ ___ ___  11 105 ___ ___ ___ ___ ___ |
|  54 ___ ___  10  95 112  23 108  97  62  73  15 |  26 116 128  55 ___ ___ 115   6 134 144  44 ___ | 123  51   7 ___ ___ 131  63 ___  52 114 ___ 135 |  43 ___  70  80  57   9 ___  45 122 ___  17  37 |   1 ___  29  16  68  33 ___  87  85 ___  82 104 |  30  71 140 110 ___ ___ 132  60  21 103 ___  53 | ___ ___ ___  27  13 111   4 142 100  79 133 118 | ___  50  59 ___  91  93 143  36  81  99  11  89 | 138 ___  56  39 ___  32 139 101 ___  25  20  24 | 125  84 ___ ___  98 ___ 130 ___ ___ 102 ___   3 |  49  77 ___  90   5 ___  58 ___ ___ 124 ___  61 | 121 ___  34   2  64  19  38 ___ 127  76  22 ___ |
|  24 ___   8 ___  20  39  25 ___ ___ 139  32 ___ |   9  57  43 ___ ___  37 122  80 ___  45  17  41 |  61 ___  77  58  12 ___  90 ___ ___ 124 ___ ___ | 129  33  29 ___ ___   1  85  86  68 126 ___ 104 | 110  65  60  71  21 103 ___  53 106 132 140  31 |  51   7 ___ ___ ___  40 135 131 ___ 117  46 ___ |  81 ___ 143  99 ___ ___  89  11  36 ___ ___ ___ | ___ ___  34  76   2 121 ___  64  92  94 ___  69 | ___  78 100 ___  13 ___   4 111  75 ___ 120 142 | ___  23 112  95  15 ___  83  54 ___ 108  10  97 | ___ 116 ___ 115 134  44  55  96  48   6 ___  26 | 102 141 109 ___  98  35 ___ 113   3 ___  66  88 |
| 142 111 ___  75 120 ___ 133 118  78   4  27 100 |   1 ___ 129  85 ___ 104 ___  82 ___  86 ___ ___ |  26  96 ___  55  48 ___ 115  28  44 ___ ___ 128 | ___ 103 ___ 140  71 110 106  65  21 ___  53  31 | 123 ___ 131   7 ___ ___  51  52 107 135 ___ ___ | ___  77 124  61  58 ___ ___   5  90 ___  47  74 | ___ 127  22  94  38 ___  69 ___ ___  34 ___ 121 | 130   3 109 ___ 125 102  66  98 ___  88  35 141 |  93  50  36  59 ___  99  89  91  81 119 143  11 | 101  25  39  20  56 ___   8  24  32 138 137 ___ |  42 ___ ___ 122  70  17 ___  41  37  80  45   9 | ___ ___ 112 ___  15 ___ ___  10  97  23  95  73 |
| 123 107 117  52  46  51 114 131 ___   7 135 ___ | ___ 141  88 ___ ___ ___  98  84 102 ___ 113 109 |  11  59 ___  91  50  93 ___ 105 ___ ___ ___  99 | ___  83 108  23  62  54  14  95 ___ ___  10 ___ |  24 ___ ___ 139  56 ___  39 137 ___  32 ___ 136 | ___   4 133 ___ 111 ___  27 118 ___ ___ 120  75 | ___ ___ 144 128 ___ ___ 116  26 115 ___   6 134 |  42  37  41  80 ___  70  45 122  17  43   9  57 |   5 ___  90  67 ___ ___  77 ___  74 124  47  61 | ___ ___ ___ ___ ___  71 103 ___ ___  60  53  31 |  38 ___  94  64 121 ___   2  34 ___  76  22  19 | ___  16 126  85  68 ___  33 ___ 104  82 ___ ___ |
|   1  85 ___  87  86 ___ ___ ___ 104 ___ 129  68 |  11  89  99  91 105 ___  36 119  93 143  81  59 |  24  39 139 ___ 136 138  56   8 ___  25  20  32 |  94  38 ___  76 ___ ___   2  22  64  34  92 127 | ___  66 102 ___  98 130 109 ___ ___ ___  84   3 | ___  62  23  54 ___  97  73 108  15  83  95 ___ | ___ ___  46 135 117 107   7 ___ ___  51 ___ ___ |  49 ___  67 124  58 ___  47  90  74 ___  61  77 |  60  31 ___  30 103 ___ ___ ___ ___ 140 ___ ___ | ___  80  41 ___ ___  57  42   9  43  70  17  37 |  13   4  27 ___ ___ ___ ___  79  78 133 ___ ___ | 134 116  96  55 ___  26  28  44 ___   6 ___ 128 |
|  61  58  49  74  47  67 124   5  12  77 ___  90 | ___  62  73  14 ___  97  15  23 108 ___  10 ___ |  19  34  69   2 ___ 121 ___  38  92  76  22  94 |  32   8 ___  25 139 ___ 101  20 ___  39 137 136 | 142 120 118   4 ___  13 ___  75 111  27 ___  78 |  59  89 ___  11  91  50  99 ___ ___ ___ 143  81 |  17  37  45  43  42  72  57   9 122  41  80  70 | ___ 104 126  82 ___  29 ___  68  87 ___   1  16 | 134  48 115  96 ___ 128 116 ___ ___ ___ 144  26 | 107 114  51  46 ___   7 117 123 ___ 131  52  40 | ___ 141  88  98 102 113 125 ___ ___  84  66  35 |  60 ___  30 106  21 110 103  53 ___ ___  65 ___ |
|  19   2 ___  92 ___ ___  76 121 127  69  94  64 | 123 ___ 135 107 117 ___ ___ 114 ___  46  52  51 |   1 ___  16  85 104  29  68 ___  87  82  86 129 |  18  49   5 124  77  61  58  47 ___ ___  74  12 | ___ 144 134 ___ 115  28  96  44 ___ 128   6  48 |  41  57 ___   9 ___  37  43  70 122 ___  45  17 |  10 ___ ___ ___ ___  14  62  54  15 112 ___ 108 | ___ 136  39  25 101 138  20  56 137  32  24 139 | 102   3 ___ ___ 130  88 141 125 113 ___  66  35 | ___ 119  59 143  36 ___ ___  11  99  93  81 ___ | 103  71 132  21 ___  53 106 ___ ___ ___  65 110 | 118 ___  79 111 ___ ___ ___ ___ ___ 133 120  27 |
|  26  55 ___  44 144  96 ___ ___  48 116 ___ 115 |  24 139  32 101 ___ ___  56 ___ 138 ___ 137 ___ |  35 109 141 125   3 102 ___ 130 ___ ___  66 ___ |  27  13 118 133   4 142 111 ___ ___ ___ ___  78 |  11 143 ___ ___ ___ 105  59  81  91 ___ 119  50 | ___  69  76  19 ___ 127 ___ 121  64 ___  22  92 |  87 104  86 ___  33 ___ ___ ___  68 126  82  29 | 103  31 ___ ___ ___ ___  65 ___  53 132 ___ ___ |  70  37 122  41  42  43  57  72 ___  80 ___   9 | ___ 124  67 ___ ___ ___  49  61  18   5 ___  12 | ___  62  73  15 ___  10  14 112  97 ___  95  54 | 131   7  51 107  63 123 ___  52 ___ 114  46 135 |
| ___ 106 ___  53 ___ ___ ___ ___  31  71 ___  21 | ___  69  94   2  38 ___ ___ ___ ___ ___  92  34 | 142  79   4 ___ ___ ___ ___  13  75 133 120  27 | ___ 130 102 ___ 141  35 125  66  98 109 ___   3 |  54  95 ___ ___ ___  83 112  10  14  73 ___  97 |  39 139  25  24 ___ ___  32 138  56 ___ ___ 137 |  74  12 ___  18 ___  58  77  61  90  67 124   5 |  28  48 ___   6  55 134 ___ 115  44 128  26 ___ | ___  40  63  51 117 135   7 107 ___ 114  46 123 | ___  82 126  86  68  16  33   1 129 ___  87 ___ | 105  89  99  36  93 ___  91  59  50 119 143 ___ | ___  57  41  72 122 ___  42 ___ ___ ___  45 ___ |
+-------------------------------------------------+-------------------------------------------------+-------------------------------------------------+-------------------------------------------------+-------------------------------------------------+-------------------------------------------------+-------------------------------------------------+-------------------------------------------------+-------------------------------------------------+-------------------------------------------------+-------------------------------------------------+-------------------------------------------------+
|  56  25  20 116 ___ 136  55 ___  96 ___ 138  26 | 122  17  70 ___ ___ ___  24 101  32   8 139  37 |  90  12  74 124 109 ___  35 ___ 141 125 130 ___ | ___  86  27 ___ ___  68  82  13 142 104   4  79 | ___ 105  99 ___  11 ___  31 ___ 140  60  91 ___ | ___  52 ___  63 114 ___ 131  94  19 ___  38  69 |  16 126 ___  93 ___ ___  81  36   1  50  85 129 |  22  30 ___ 106  76 132 103 110 ___ 121  64 ___ |  43  41   9 ___ ___ ___  75 ___  57  72  42 ___ |  23  58 ___  49  61 ___  95 ___ ___ ___  77 ___ | 144 ___ ___  54 ___  62   6 ___ 112  14 ___ 115 | 135 ___   3  84 123  98  66   7 ___ ___ 117 102 |
| 115   6 144  62  83  48  14 ___ ___ ___ 134 ___ |  56 137 138 ___  20  96  26  55 128  28 116 ___ | ___   3 113 ___  51 135 123  66 ___ ___ 117 102 | 118 120 ___  72 ___ 100 133  42 ___  78  57  41 |  36  33 129  81 ___ 143  50  16 119 ___  85 ___ | 127 ___ ___ ___  76  30 121 132 110 ___ ___  71 |   4 ___  13 ___  86  82 ___ ___ 142 ___ 111  27 |  65 ___ ___  91 140 ___ 105  11 ___ ___  21 ___ |  32  39 ___ ___  45 ___  17  80 139 101   8 ___ | ___ ___  12 130 ___  74 ___  90   5 ___ 141 109 |  95  10 ___  61  18  77  23  97 ___ ___  49  15 | ___  52  40 114  19 ___ ___  69 ___   2  38 131 |
|  36 119 143  16  33 ___  85 ___ ___ ___  93   1 |  21  53  60 140 ___  59  11 ___  99 ___  89 ___ | 122 ___  17  80 ___  32  24  45 139 101   8  70 | 131  46  94   2  52  63 114  38 ___ ___  69  34 |  90 130  88  74 ___ ___ ___ ___ 124   5 125 109 | ___ ___  14 115   6 ___ ___  73  54 ___  83 ___ |   7  51 117 102  66  84 113  98 123   3 107 ___ |  95  67 ___  58  23  18 ___  61  77 108 ___  10 | 132  30 110 127 ___ 121 ___  76  71 ___ 103 ___ | ___  72  78 ___   9  75 120 100 ___  43 ___ ___ |  86  87  29 142  27 ___ ___ 104  79 ___  13  68 | 128 137 136 ___  26  56  20 ___  96  55  28 138 |
|  63 114 ___  69 ___ ___   2 ___ ___  52 ___  19 |  98 113 102  84  66  51 123 ___ 135 ___   7 ___ | ___  50  81 119 126 129 ___ ___  16 ___ ___ ___ | ___ ___  18 ___ ___  15 ___  49  61  97  77  67 |  56  28 128 137  26  20 136 116 ___ 138  55  96 |  78  75  72 ___ 133  41 118  43   9 120  42  57 |  62 112  83 134 144 ___  44 115 ___  48  14  73 |  45 ___  37 ___  80  32   8 ___ ___ ___ 122 ___ |  88 109  35  12  47 ___  74 124 141 125 130  90 | 140 ___  31 105  11  53  65  21  60  99  89  59 |  22  92 121 110 132  71  76 ___  30 106 ___  64 | ___  87 104  82 142  68  86   4 ___ 111  13  29 |
| ___ ___  65 ___ ___ ___  91  99  59  53  60  11 | ___  92 ___  76 ___  30 110 106 132 ___ ___ 127 | 100  78  75 133  41  43   9 120  57  72 ___ 118 | 102  66 135 107 ___  98  84 117 123   3   7 ___ |  15  49 ___ ___  61  95  97  77 ___ ___  58 ___ | 136 ___  55  56  25  96 ___ 128  26  20 ___ 116 | 141 ___ 130 ___  47 124  74  90  35 ___ 125  88 | ___ ___  48 ___   6  73  83  54 ___ 134 115  44 |  94  34  19 ___  46 ___ ___ 114  69   2  38  63 |  82 111 104  13 142  87  86  68  29  27   4 ___ | 143  81  93   1 129  16 119 ___ 126 ___  33 ___ |  32 ___  37  80  24 122 ___ 139  39 101 ___  70 |
|  90 124  47 ___ 130 ___ ___ ___ 109 ___ ___  35 |  15  10 108  23  95  67  61  58  18  49 ___  97 |  64 127  92  76  30 132 110 ___  71 106 103 121 | ___  20 128  55 137 ___ ___  28  26 136 116 ___ | 100  42  43  75   9 ___  78  57 133 118  72 ___ |  50  81  85 ___ 119 126 ___ 129   1 143  33  16 | 139  39   8 ___  45  80 ___ 122  24  37 101  32 |  86  79 ___ 111 ___  27  13 ___   4 ___  68  87 |  73 112  54  48 144 ___ ___ ___ ___  14  83 115 | ___   2  40  38  19  52 ___  63 131 ___  69  34 | ___ ___ ___ 123 135   7  84   3  51 107 ___  98 |  99 ___  31 140  11  21  65  89 ___ ___ 105  60 |
|  64  76 ___  71 103 127 106 ___  30  92 ___ ___ |  63  52 131 114  46  34  19   2  94  38  69 ___ | ___ ___  87  82 ___ ___ 142  86   4 111 ___  29 |   5  47  88 ___  74 ___ 124 130 ___  12 141 109 | 115  83  73  44 ___ 144 ___  62   6 134  14 112 |  37  17 ___ 122  80  39  70  32  24  45 ___ 139 | ___ ___  49 108  95 ___  10  15  61 ___ ___  18 | ___  96 136  55  25 128 ___  26 ___ ___  56 137 | 135  51 123   3 ___ 102 113  84 ___ 107 117 ___ | 119 ___ ___  33   1 ___ 143  36  93 129  16 126 |  65  53  60  11 ___  89 140 ___  59  91 105  21 | ___  75  78 133   9 100 120  57  41  72 ___ 118 |
|  98  84  66   7 ___ ___ 107 135 ___ 113 102 ___ |  90 ___ ___ 124  47 109 ___ 125  88 130 ___  12 |  21 ___ ___ ___  59 ___ ___  65 ___ ___ 105  60 | ___ 144  73  14  44 115   6  83  54  48 ___ ___ | 122   8 ___  17  24  45 ___ ___ ___  70 101  39 | ___ ___ 111  68  82  79 ___ ___ 142 ___  13 ___ | 116  96  28 ___  20 ___ 137  56  26 136 ___ 128 | ___  41  78  72 133  43 ___   9 ___ 118 100 ___ |  18  67  61  97  95 108  10  23  77  58  49  15 | ___ 106 127 103 110  92  22 ___ 121 ___ ___  30 |  46  52 131 ___  94 ___ ___  40  34 ___  38 ___ | 129 ___  50 119 ___ ___ 143  16 ___  85 ___  93 |
| 122 ___ ___ 139 ___ ___ ___  32  39 ___  70  24 | ___  75 118 133 120 ___ ___  72  43 ___  57  78 | ___  97 ___ ___  67 ___ ___  95  77  58 ___ 108 | ___ 143 129  85  81  36 ___  33   1  50  16 126 |  64 103 ___  92 110  22 127  71  76 121 106  30 |   3 ___ ___  98  84  51 102 135 ___  66 ___   7 |  89 ___ 105 ___  65 140  53  21 ___ ___  91  99 |  46 ___  40   2 114  94  38  19  69 131  63  52 | ___  79 142 ___ ___  29  87  82   4 111 ___ ___ |   6 ___  48  83 ___  44 144 ___ ___ ___ ___ 112 |  20 137 138 ___ 128 116 ___ 136 ___ ___  28  56 | ___  74  12 124 ___  90  47 141 ___ 125 130   5 |
|  68 ___  86   4 ___ 104 111  27 ___ ___ ___ ___ | ___  81 ___ 119 143 126   1 ___ ___  33 ___  50 |  56 136 137 ___  96 128  26  20 116  55  28 138 | 121  22 132 ___  92 ___  76 103 110 ___  71  30 | ___ 117 135 113 123  66   3   7  84 102 ___  51 |  97 ___ ___ ___ ___  67 108 ___  61 ___ ___  77 |  69  34  38 131  46 114  52  63  19 ___   2  94 | ___ ___  12 125 ___ ___ ___  35 141   5  90  74 |  99 ___ ___  31  65 ___  53 ___  89  91 105  21 |  80 ___  37   8  24  17  45 122  70  32 139 ___ | 120 ___ ___   9  43 ___ ___ ___ ___  72 ___ 100 |  73 ___  48   6  54 ___ 144  62 112  14 ___ 134 |
| 100 133 120 ___  42  78  72  43  41  75 118   9 |  68  87 ___  82 ___  79 142 111  27 ___ ___ 104 | 115  48  44   6 ___  73 ___ 144 ___ ___  83 134 |  60  65  99 ___ ___ ___ 140 105 ___  31  89 ___ |  63  38  94 ___  19 ___ ___  69 114 131 ___  34 | ___ ___ 125  90 124 109   5 ___ ___  47 130 141 | ___  30 ___ 121 ___  76 ___  64 110 ___ 106 132 | ___ ___ ___ 107  84 135 117 123 ___ 102  98 ___ | ___ 126 ___  50 143  93 ___ ___ ___ ___  33 ___ |  25  55 ___ ___  26 137  20  56 138 128 ___  96 |  45  17  70  24  32 ___ ___  37  39 101 ___ 122 |  18 ___  97  23  61 ___  95  77  67  58  49 108 |
|  15  23  95  77 ___ ___ ___  18  67  10 108 ___ | 115  44 134 ___ 144 112 ___  14  73  83  62  48 |  63  40  52 114  34  94 ___  46  69   2  38 131 |  70  45 ___ 101  17 ___  80 ___ ___  37 139  39 |  68 ___ ___ ___ 142  86 104   4 ___  29 111  79 |  31 ___ ___  21 140 ___  60  99  11  65 105  89 | ___  41  42 ___ 120 ___ ___ 100   9  78  72  43 | 143 ___  50 ___ 119 129  33   1  16 ___  36  81 | 128  96 ___ ___  20 138 137  25 116  55  28  56 |  84 107   3 117 ___ 113  66  98 ___ ___   7  51 |  47  74   5  35  88 ___ 124  12 ___ 125 130 ___ | ___  92 127  76 ___  64  22 ___  30 106 103 121 |
+-------------------------------------------------+-------------------------------------------------+-------------------------------------------------+-------------------------------------------------+-------------------------------------------------+-------------------------------------------------+-------------------------------------------------+-------------------------------------------------+-------------------------------------------------+-------------------------------------------------+-------------------------------------------------+-------------------------------------------------+
|   5 109 ___  98  84 141   3  66 113  35 130  88 | 108  61 ___ ___ ___  74  18 ___ ___ 124  90  77 | 121  71 ___  30  53 ___ ___ 106  21 ___ 140 ___ |  28  55 ___  48 ___ ___ ___   6 128 116 115  44 | 118  80  45   9  43  72  57 122  41  42  37 ___ |  16 ___ 104  93 126  87 ___  86 ___  85  82  68 |  56 137  25   8 101  39  24  70  32 ___ 136  20 | 111  75   4  78  79 120 ___  27 100 ___ ___ 142 |  95  10  73 ___ ___  83  54 112  15  97 ___ 134 | ___ 127  69  76 ___  19   2 131 ___  22  64 ___ | 107 123 117 135 ___  63  51 ___ ___ ___ 114 102 | ___  11 ___  59  99  60  91 ___  81  50 119 ___ |
| 138  96 ___ ___   6 116  48 144  44 ___  28 128 |  70 ___ ___  39 101 ___  32 136  20  25  56 139 | ___ ___  35 109 ___  66  88 ___  98   3 ___ ___ | ___ 111 120  78 142  29  79 ___  27   4 100  75 | ___ 119 143  11 ___  91 ___  36  59 105  50 ___ | ___  19 127 131  34  92 ___ ___  94   2  76  64 |  68  87  82  33 ___ ___   1 ___ 129 ___ 104  86 | 106  53  71  31  30 ___ ___ 132 ___ 103 121 110 |  45  17  43  57  72 ___ ___ ___ ___  37 ___ 118 |  67  12  77 124  18  61  58 108  49  47  90  74 |  14 ___ ___  73 ___  15 ___  62 ___  97  23 134 |  46 123   7  51 135 102 ___ ___  52  40 114 117 |
|  70  39 ___  56  25 ___ 136  20 137 ___ ___  32 | 118   9  42 ___  72  17 ___  37 ___  80 ___ ___ | 108  77  61  67 ___  47 ___  58  90  12 124  49 |  33  85  86 104   1  93 126  82 129  16  68 ___ | ___ ___  65 110 ___ 106  71 ___ ___ 103  31  53 |   7 ___  40 102  51 ___ 117 ___ ___ 107 114  63 |  36 ___ ___ 105  91  59 ___  60 ___ ___  50 143 |   2 ___  69 127  34  22  76 ___  64  38 131  19 | 120  75 ___ ___ 111  13 142  79 100 ___ 133  29 | 112  97 ___  23  73  54 ___ ___  83  95  15  10 |  55 ___ ___ ___ 144 115  96 ___  44 ___   6 138 | ___  35 141 ___  88 ___ 125  98 ___   3 ___ 130 |
| ___ ___ ___ ___  80  57 ___  45 ___   9 ___ ___ | ___ 142  13  79 ___  75  27  78 120 133 100   4 | 134  62  54 112  10  95  73  14  15 ___  23  83 | 105  91 143  50  11  60  59 119 ___  89  36 ___ | 131  76  22  19 ___   2  69  64 ___  38 127  92 | 141  35   3 ___ 109 113 130  66  88 125  84 ___ |  21  53 140 103 106  30 110 121 ___  71  31  65 | 107  52 ___  40  51  46 ___ 135 ___ 117 102 123 | ___  87 129  16 ___ ___   1 126  68 104  82  93 |  96  48 116 ___ 128  26  55 138  28 144 115 ___ | ___ ___   8  32  20  56  39 ___ ___ 136 ___  70 |  47 ___  77  67  18 108  58 ___  74  12 ___  49 |
| 131  34   2  64  76  69 127 ___  92  19 ___  94 | ___ 123 117 ___ ___  52 135  40  46 114  63 ___ | ___  16   1 ___ ___  86 129 ___ ___ 104 ___  33 |  49  58  47  12 ___ ___ ___ 124  18  77  90  74 | 138 ___ 144  26 128 ___ 116 115 ___  28  48  44 | ___ ___ ___ ___  41  17  42  45  43  72  80 122 | ___  10 ___  83  14 112  54 ___  73  62  97  95 | ___ 137 139 ___ ___ ___  25  32  56 ___ ___  24 |  66 113  88 141 125 130 ___ 109  98   3  84   5 |  59  50  89 ___ ___  11  91  60 ___ 143  36  81 | 106 ___ 103 132  65  21  30  71 ___  31 ___ ___ | ___ ___ ___  79  27  29 ___ 100  75  78 133  13 |
| ___ ___  58  90 124  77 ___  47  74  61  49  18 | 134  54  83 ___  14 ___ ___  97  95  23 ___  62 | 131  69  19  34  92  22  94   2  64 ___  76 ___ | ___ 101  20 ___  24  70 ___  25  32 ___ ___ ___ |  29 133 120 142  27 ___   4 100 ___ ___  78  75 | ___  11  50  60  59  81 105 143  99  91 119  36 | 122 ___ ___ ___  72  41   9 118  43  57  37 ___ |  85 ___ ___ ___ 126  86 ___ 129  68  33  93   1 | ___ ___ 128 116 ___ ___ ___ ___ 115 ___   6 ___ | ___  40   7 114 135 123 107 102 117  46  63 ___ | 125  35 130  88  66  98 109 141 113   3 ___ ___ |  65 110  71  30 ___ ___ ___  21  53  31 ___ 103 |
| ___  59 ___  36 119  89  50 ___ ___ ___ 105 ___ | ___ 110 103  30 106  53 ___  31  65 140  21  71 | ___  57   9  41  17  45  43  72 122  37 ___  42 | 117 107  46  40 123 ___ ___ 114 135   7 ___  52 | 108 124 ___  61  18 ___  77  90  67  49  12 ___ | 116  26  48 138 ___  44  28 ___ ___  55   6 115 |  98 113  84 130 125 ___  35   5  88 141   3  66 |  14 ___  62  97 112 ___  23  73 ___  83 134  54 | ___  92  94  69   2  38 ___  34  64 ___ ___ ___ |  79 ___   4 133 ___ ___ 111 ___  13 ___ 100  75 | ___   1  33 129  86 ___ 126  16  87 104  82  93 |  20  24 ___  39  32 ___ 101  56 137 136  25   8 |
| 134 ___  14  15  23  62 ___  95  10  54  83  73 | ___ ___ ___  96  55 ___ 128  48 ___   6 ___ ___ | 102 ___ 123  51 ___ ___ ___ 107  63 ___ ___ 117 |  42 ___  45  37   9 118 ___  80  43 ___ 122  17 |  93 ___  86 ___ 129  85  16  68 126  33 104  87 | ___ 110  31 ___  30 ___ ___ ___ 132 ___ 140 ___ | ___  75 133  13 ___  79 142 ___ ___   4  78 120 |  91  81  89 ___  59 143 ___ ___  36 105  60  11 |  20 ___ ___ 139 101   8  24  39 ___ ___  25  70 | 109   3 141 ___  88  35 ___   5 130 ___ ___ 113 | ___  61  49 ___  47  90 ___ ___ ___  12 124 108 |  22  19  69 ___  94 131 ___  64 ___ ___ ___  38 |
|  29  79 111 100 ___   4 ___ 120 ___ ___  13  27 |  93   1  33 ___ ___ ___ ___ 104  86 ___ ___  16 | 138 116 ___  96  44 144 128  55 115  48   6 ___ | 103 106  65  31 110 121  30 140 132  71 ___  53 | ___ 114  46 123 ___ 107   7  63  51 117  40  52 | ___  61  12 ___ ___  74  49  47  18  58 124  90 |  64  92  76  38   2 ___  19 131  94 ___ 127  22 | 125 113 141   3 ___  66 ___ ___  98 130 ___  35 | 143 ___  99  89 ___ ___ ___  59 ___  50 ___  60 |  39 136 139  25  32  24 101  70 ___  20 ___ ___ | ___   9  42  43  45 122  41 ___ ___  37  80 ___ |  95  54 ___ 112 ___ ___ ___ ___ ___  97  23 ___ |
|  93 ___  85  68 ___  16 ___ ___ ___   1  33 129 |  60  11 ___  59  91 ___ ___  50 143 ___ ___  89 | ___ 139 ___  39 ___ ___ ___ 101  56 136 ___ ___ |  38   2  22 ___ ___ ___  34  76  94  69  64  92 |   5  84 ___ ___  88 125 141 ___ 109 130   3 113 |  62  54  97 ___ 112 ___  83  95 ___  14 ___  15 |  63  52 ___ 117 107  51 123 102 135   7 ___  46 |  58 ___  77  12 ___  47 124  18  90 ___ 108  61 | ___ ___ ___  71 106 103 110  30  21  31 140 121 |  41  37 ___ ___ ___   9  72 118  42  45 ___  17 | 111 142 ___  27 120 ___  79   4 ___  78 133  29 | 144 ___ ___  96 128 138  55 ___ ___  48   6  28 |
| ___ ___ 107  63 ___ ___ ___ ___ ___ ___ 117 135 |   5  35 130 109 125 113 ___ ___  66 ___  98 ___ |  60  89 ___ ___ ___ 143  99 ___ ___  50 119 105 | ___  14  95 ___  54 ___ 112  23  73  62 ___  10 | ___ ___  20 ___  32 101 ___ ___  39   8 136 137 |   4 142  78  29  79  75 ___ ___  27 111 ___ 100 | ___  44 ___ ___  55  96  26 138 128 116  48 ___ |  72  17  57  37 ___ ___  80  43 122 ___ 118   9 |  47 ___  18  77  58  49  61  67  90 ___ 124 108 |  30  31 ___ 140 ___ 110 106 ___ ___ ___ ___ ___ |   2 ___  38  94  22  64  34 ___  92 127  76 131 |  86   1  16 ___ 129  93  85  68  87 104  82  33 |
| 121 ___ ___  21 140  71  31  65  53 ___ 103 ___ | ___  19  38  34   2  92  94 ___  22 ___ ___  69 |  29   4 142 ___ ___ ___  27 ___ 100  78 133 ___ | 130 125 ___   3  35   5 109 ___  88 141  98 113 | 134  23  95  54 ___  14 ___  15 ___  83  97  10 | ___ ___ 136  70  39 137   8  20  32 101  25  56 | ___ ___ ___  49  58  67  61 108  18 ___  12 ___ |  55  44 116  48  96 144   6 ___ ___ ___ ___  26 |  46  52 135   7 ___ ___ 123 ___  63 ___ ___ ___ | 126 104  16  82 129   1 ___ ___ ___ ___ ___  87 |  91 ___ 105  99 143  36  59 ___  81 ___ ___  60 |  45   9 ___  41 ___ 118 ___ 122  17  37 ___  42 |
+-------------------------------------------------+-------------------------------------------------+-------------------------------------------------+-------------------------------------------------+-------------------------------------------------+-------------------------------------------------+-------------------------------------------------+-------------------------------------------------+-------------------------------------------------+-------------------------------------------------+-------------------------------------------------+-------------------------------------------------+
